numModules 1789
1 0
2 142
3 334
4 375
5 404
6 418
7 451
8 453
9 458
10 475
11 487
12 491
13 516
14 523
15 534
16 684
17 729
18 752
19 790
20 839
21 850
22 863
23 888
24 897
25 904
26 910
27 914
28 921
29 926
30 927
31 936
32 940
33 949
34 986
35 989
36 998
37 1004
38 1012
39 1027
40 1048
41 1082
42 1087
43 1096
44 1289
45 1363
46 1377
47 1437
48 1456
49 1495
50 1497
51 1502
52 1504
53 1510
54 1526
55 1542
56 1726
57 1742
58 1794
59 1836
60 1855
61 1865
62 1884
63 1892
64 1907
65 1913
66 1922
67 1924
68 1927
69 1929
70 1937
71 1944
72 2051
73 2237
74 2251
75 2273
76 2313
77 2346
78 2369
79 2378
80 2386
81 2390
82 2394
83 2406
84 2523
85 2537
86 2551
87 2567
88 2592
89 2600
90 2602
91 2607
92 2616
93 2638
94 2654
95 2674
96 2740
97 2744
98 2750
99 2762
100 2769
101 2773
102 2785
103 2786
104 2790
105 2911
106 3052
107 3084
108 3091
109 3141
110 3173
111 3176
112 3182
113 3198
114 3199
115 3206
116 3213
117 3220
118 3224
119 3314
120 3346
121 3366
122 3381
123 3437
124 3450
125 3461
126 3484
127 3494
128 3500
129 3505
130 3518
131 3528
132 3539
133 3565
134 3572
135 3580
136 3593
137 3613
138 3620
139 3631
140 3639
141 3705
142 3714
143 3864
144 3999
145 4021
146 4058
147 4081
148 4092
149 4093
150 4103
151 4110
152 4127
153 4134
154 4138
155 4142
156 4329
157 4341
158 4377
159 4408
160 4412
161 4432
162 4439
163 4468
164 4483
165 4487
166 4492
167 4503
168 4505
169 4512
170 4515
171 4537
172 4544
173 4562
174 4576
175 4609
176 4612
177 4635
178 4655
179 4673
180 4683
181 4695
182 4720
183 4752
184 4762
185 4891
186 5023
187 5065
188 5087
189 5130
190 5170
191 5177
192 5185
193 5198
194 5203
195 5217
196 5219
197 5222
198 5342
199 5350
200 5398
201 5436
202 5486
203 5501
204 5523
205 5566
206 5589
207 5604
208 5607
209 5615
210 5617
211 5626
212 5640
213 5645
214 5650
215 5759
216 5902
217 5922
218 5965
219 6007
220 6045
221 6053
222 6057
223 6060
224 6069
225 6073
226 6094
227 6100
228 6106
229 6204
230 6218
231 6236
232 6251
233 6268
234 6284
235 6301
236 6311
237 6345
238 6367
239 6432
240 6450
241 6470
242 6489
243 6495
244 6503
245 6508
246 6520
247 6527
248 6532
249 6665
250 6815
251 6854
252 6872
253 6919
254 6948
255 6953
256 6969
257 6975
258 6988
259 6994
260 7008
261 7010
262 7014
263 7108
264 7129
265 7174
266 7193
267 7261
268 7272
269 7284
270 7309
271 7374
272 7378
273 7382
274 7414
275 7416
276 7437
277 7447
278 7452
279 7456
280 7472
281 7481
282 7502
283 7518
284 7537
285 7571
286 7576
287 7715
288 7851
289 7871
290 7886
291 7924
292 7932
293 7938
294 7941
295 7958
296 7964
297 7974
298 7994
299 8042
300 8250
301 8273
302 8306
303 8363
304 8441
305 8473
306 8490
307 8497
308 8506
309 8509
310 8518
311 8524
312 8536
313 8541
314 8545
315 8552
316 8560
317 8583
318 8596
319 8616
320 8621
321 8636
322 8652
323 8702
324 8710
325 8718
326 8747
327 8762
328 8778
329 8928
330 8965
331 8984
332 9012
333 9031
334 9054
335 9063
336 9075
337 9087
338 9108
339 9114
340 9118
341 9122
342 9140
343 9290
344 9326
345 9355
346 9376
347 9388
348 9399
349 9424
350 9443
351 9472
352 9481
353 9492
354 9505
355 9543
356 9556
357 9566
358 9573
359 9578
360 9674
361 9777
362 9829
363 9875
364 9893
365 9895
366 9898
367 9908
368 9911
369 9920
370 10022
371 10031
372 10046
373 10065
374 10125
375 10131
376 10141
377 10161
378 10165
379 10174
380 10186
381 10195
382 10201
383 10216
384 10232
385 10244
386 10246
387 10250
388 10270
389 10274
390 10404
391 10480
392 10511
393 10533
394 10592
395 10649
396 10662
397 10667
398 10673
399 10679
400 10688
401 10704
402 11085
403 11106
404 11122
405 11127
406 11148
407 11160
408 11167
409 11188
410 11190
411 11192
412 11194
413 11199
414 11201
415 11206
416 11210
417 11218
418 11225
419 11243
420 11253
421 11267
422 11277
423 11289
424 11322
425 11442
426 11533
427 11570
428 11600
429 11640
430 11663
431 11669
432 11678
433 11681
434 11685
435 11699
436 11702
437 11708
438 11819
439 11847
440 11856
441 11860
442 11894
443 11909
444 11928
445 11938
446 11949
447 11961
448 11974
449 11979
450 11987
451 12000
452 12012
453 12024
454 12032
455 12045
456 12061
457 12070
458 12086
459 12093
460 12129
461 12155
462 12188
463 12199
464 12208
465 12217
466 12218
467 12341
468 12475
469 12518
470 12539
471 12574
472 12664
473 12667
474 12676
475 12678
476 12683
477 12691
478 12702
479 12776
480 12834
481 12840
482 12851
483 12900
484 12911
485 12940
486 12948
487 12957
488 12959
489 12965
490 12983
491 12991
492 12993
493 13001
494 13007
495 13014
496 13168
497 13322
498 13359
499 13405
500 13446
501 13498
502 13503
503 13539
504 13546
505 13556
506 13585
507 13599
508 13610
509 13616
510 13712
511 13727
512 13745
513 13759
514 13786
515 13794
516 13817
517 13829
518 13838
519 13854
520 13869
521 13884
522 13887
523 13908
524 13915
525 13925
526 14044
527 14052
528 14054
529 14209
530 14335
531 14383
532 14449
533 14505
534 14553
535 14556
536 14560
537 14569
538 14588
539 14598
540 14607
541 14613
542 14630
543 14727
544 14761
545 14784
546 14812
547 14848
548 14863
549 14933
550 14987
551 15055
552 15073
553 15090
554 15093
555 15111
556 15125
557 15132
558 15138
559 15166
560 15179
561 15196
562 15206
563 15236
564 15274
565 15294
566 15334
567 15592
568 15709
569 15741
570 15779
571 15820
572 15840
573 15848
574 15858
575 15867
576 15883
577 15889
578 15892
579 15894
580 16120
581 16143
582 16206
583 16226
584 16284
585 16307
586 16316
587 16324
588 16333
589 16343
590 16347
591 16356
592 16358
593 16367
594 16375
595 16385
596 16394
597 16408
598 16415
599 16425
600 16427
601 16436
602 16501
603 16530
604 16545
605 16553
606 16566
607 16580
608 16719
609 16839
610 16867
611 16899
612 16931
613 16966
614 16970
615 16981
616 16984
617 16987
618 17001
619 17003
620 17008
621 17010
622 17211
623 17265
624 17336
625 17379
626 17426
627 17437
628 17455
629 17466
630 17479
631 17497
632 17510
633 17518
634 17523
635 17526
636 17530
637 17534
638 17536
639 17715
640 17924
641 17957
642 17983
643 18030
644 18060
645 18065
646 18068
647 18078
648 18084
649 18097
650 18113
651 18118
652 18175
653 18180
654 18198
655 18217
656 18237
657 18251
658 18265
659 18313
660 18367
661 18375
662 18381
663 18416
664 18435
665 18446
666 18468
667 18471
668 18473
669 18486
670 18510
671 18652
672 18749
673 18791
674 18849
675 18896
676 18922
677 18928
678 18931
679 18937
680 18941
681 18942
682 18946
683 19070
684 19115
685 19154
686 19185
687 19198
688 19209
689 19231
690 19262
691 19269
692 19274
693 19280
694 19284
695 19291
696 19299
697 19305
698 19308
699 19318
700 19327
701 19344
702 19354
703 19399
704 19411
705 19419
706 19430
707 19585
708 19777
709 19823
710 19888
711 19949
712 19964
713 19984
714 19991
715 19996
716 20006
717 20015
718 20026
719 20029
720 20032
721 20206
722 20229
723 20277
724 20290
725 20340
726 20357
727 20362
728 20373
729 20387
730 20396
731 20404
732 20408
733 20412
734 20426
735 20440
736 20455
737 20526
738 20533
739 20540
740 20569
741 20577
742 20609
743 20625
744 20637
745 20656
746 20788
747 21028
748 21055
749 21084
750 21094
751 21112
752 21114
753 21123
754 21136
755 21143
756 21159
757 21169
758 21176
759 21180
760 21226
761 21239
762 21262
763 21302
764 21341
765 21345
766 21347
767 21365
768 21377
769 21388
770 21394
771 21400
772 21406
773 21423
774 21436
775 21442
776 21556
777 21648
778 21664
779 21715
780 21767
781 21798
782 21813
783 21837
784 21840
785 21845
786 21856
787 21861
788 21868
789 22045
790 22080
791 22115
792 22126
793 22136
794 22171
795 22189
796 22197
797 22229
798 22251
799 22257
800 22274
801 22279
802 22298
803 22314
804 22319
805 22325
806 22342
807 22459
808 22610
809 22633
810 22674
811 22700
812 22750
813 22754
814 22757
815 22763
816 22766
817 22932
818 22989
819 23037
820 23059
821 23085
822 23111
823 23121
824 23130
825 23134
826 23138
827 23146
828 23155
829 23159
830 23164
831 23170
832 23193
833 23224
834 23260
835 23286
836 23300
837 23311
838 23318
839 23331
840 23366
841 23386
842 23546
843 23750
844 23771
845 23777
846 23801
847 23848
848 23854
849 23857
850 23876
851 23881
852 23887
853 23893
854 23914
855 24023
856 24053
857 24101
858 24114
859 24158
860 24169
861 24201
862 24217
863 24256
864 24260
865 24264
866 24267
867 24284
868 24289
869 24298
870 24304
871 24308
872 24343
873 24345
874 24364
875 24400
876 24409
877 24434
878 24464
879 24483
880 24538
881 24548
882 24568
883 24598
884 24723
885 24917
886 24947
887 25054
888 25119
889 25189
890 25195
891 25213
892 25221
893 25227
894 25236
895 25240
896 25244
897 25514
898 25582
899 25598
900 25698
901 25741
902 25754
903 25774
904 25785
905 25801
906 25817
907 25824
908 25834
909 25841
910 25845
911 25864
912 25880
913 26051
914 26254
915 26261
916 26289
917 26326
918 26399
919 26411
920 26415
921 26430
922 26432
923 26437
924 26444
925 26450
926 26552
927 26570
928 26597
929 26628
930 26649
931 26661
932 26670
933 26685
934 26704
935 26720
936 26731
937 26751
938 26829
939 26846
940 26869
941 26873
942 26881
943 26886
944 26903
945 26912
946 26924
947 27078
948 27254
949 27265
950 27287
951 27337
952 27355
953 27365
954 27382
955 27385
956 27389
957 27428
958 27435
959 27441
960 27448
961 27623
962 27700
963 27736
964 27762
965 27805
966 27815
967 27836
968 27840
969 27848
970 27857
971 27860
972 27868
973 27869
974 27876
975 27886
976 27890
977 27894
978 27917
979 27922
980 27935
981 27992
982 28004
983 28021
984 28026
985 28036
986 28172
987 28280
988 28321
989 28367
990 28395
991 28452
992 28457
993 28465
994 28467
995 28472
996 28569
997 28586
998 28588
999 28590
1000 28778
1001 28851
1002 28892
1003 28942
1004 28974
1005 28988
1006 29028
1007 29056
1008 29066
1009 29082
1010 29088
1011 29091
1012 29097
1013 29114
1014 29131
1015 29135
1016 29142
1017 29144
1018 29156
1019 29160
1020 29174
1021 29181
1022 29196
1023 29209
1024 29224
1025 29234
1026 29243
1027 29267
1028 29296
1029 29467
1030 29665
1031 29702
1032 29742
1033 29781
1034 29800
1035 29825
1036 29828
1037 29832
1038 29841
1039 29846
1040 29864
1041 29939
1042 29989
1043 30022
1044 30040
1045 30065
1046 30075
1047 30094
1048 30106
1049 30113
1050 30136
1051 30141
1052 30146
1053 30158
1054 30162
1055 30164
1056 30174
1057 30273
1058 30493
1059 30514
1060 30539
1061 30566
1062 30654
1063 30655
1064 30658
1065 30674
1066 30690
1067 30692
1068 30740
1069 30748
1070 31118
1071 31134
1072 31159
1073 31210
1074 31220
1075 31248
1076 31262
1077 31297
1078 31322
1079 31328
1080 31344
1081 31367
1082 31370
1083 31383
1084 31395
1085 31407
1086 31423
1087 31429
1088 31442
1089 31533
1090 31616
1091 31636
1092 31686
1093 31717
1094 31805
1095 31813
1096 31818
1097 31856
1098 31858
1099 31864
1100 31868
1101 31877
1102 31880
1103 32110
1104 32169
1105 32183
1106 32234
1107 32290
1108 32306
1109 32352
1110 32407
1111 32461
1112 32472
1113 32482
1114 32485
1115 32489
1116 32503
1117 32512
1118 32518
1119 32533
1120 32546
1121 32554
1122 32565
1123 32572
1124 32600
1125 32639
1126 32656
1127 32684
1128 32714
1129 32761
1130 32808
1131 32816
1132 32828
1133 32835
1134 32840
1135 32886
1136 32933
1137 32993
1138 33036
1139 33041
1140 33051
1141 33064
1142 33079
1143 33127
1144 33154
1145 33205
1146 33246
1147 33255
1148 33268
1149 33275
1150 33288
1151 33326
1152 33366
1153 33380
1154 33388
1155 33391
1156 33399
1157 33426
1158 33468
1159 33531
1160 33543
1161 33552
1162 33561
1163 33586
1164 33604
1165 33663
1166 33734
1167 33741
1168 33760
1169 33770
1170 33781
1171 33791
1172 33808
1173 33851
1174 33874
1175 33910
1176 33940
1177 33947
1178 33960
1179 33969
1180 33989
1181 34030
1182 34062
1183 34075
1184 34109
1185 34119
1186 34133
1187 34156
1188 34165
1189 34212
1190 34242
1191 34277
1192 34311
1193 34337
1194 34358
1195 34365
1196 34380
1197 34403
1198 34440
1199 34459
1200 34492
1201 34507
1202 34516
1203 34529
1204 34549
1205 34571
1206 34614
1207 34677
1208 34699
1209 34718
1210 34728
1211 34747
1212 34777
1213 34803
1214 34861
1215 34919
1216 34970
1217 34999
1218 35007
1219 35033
1220 35042
1221 35078
1222 35091
1223 35101
1224 35104
1225 35111
1226 35124
1227 35138
1228 35140
1229 35192
1230 35221
1231 35238
1232 35250
1233 35267
1234 35280
1235 35288
1236 35295
1237 35311
1238 35333
1239 35339
1240 35341
1241 35348
1242 35359
1243 35367
1244 35380
1245 35401
1246 35411
1247 35417
1248 35422
1249 35432
1250 35441
1251 35449
1252 35464
1253 35477
1254 35497
1255 35511
1256 35515
1257 35518
1258 35526
1259 35540
1260 35561
1261 35596
1262 35615
1263 35618
1264 35622
1265 35626
1266 35630
1267 35636
1268 35648
1269 35717
1270 35749
1271 35779
1272 35819
1273 35831
1274 35841
1275 35846
1276 35853
1277 35892
1278 35940
1279 35973
1280 36005
1281 36019
1282 36031
1283 36038
1284 36057
1285 36087
1286 36147
1287 36167
1288 36200
1289 36204
1290 36207
1291 36223
1292 36238
1293 36259
1294 36283
1295 36303
1296 36336
1297 36342
1298 36345
1299 36357
1300 36375
1301 36400
1302 36430
1303 36492
1304 36570
1305 36582
1306 36593
1307 36606
1308 36640
1309 36679
1310 36765
1311 36810
1312 36816
1313 36828
1314 36858
1315 36862
1316 36889
1317 36920
1318 36937
1319 36953
1320 36968
1321 36970
1322 37003
1323 37048
1324 37088
1325 37118
1326 37164
1327 37180
1328 37199
1329 37204
1330 37210
1331 37262
1332 37295
1333 37325
1334 37363
1335 37381
1336 37402
1337 37409
1338 37417
1339 37436
1340 37465
1341 37497
1342 37520
1343 37534
1344 37548
1345 37557
1346 37561
1347 37568
1348 37609
1349 37617
1350 37633
1351 37650
1352 37655
1353 37666
1354 37674
1355 37706
1356 37743
1357 37746
1358 37748
1359 37752
1360 37769
1361 37791
1362 37806
1363 37827
1364 37874
1365 37908
1366 37926
1367 37939
1368 37949
1369 37960
1370 37966
1371 37984
1372 38007
1373 38031
1374 38046
1375 38091
1376 38130
1377 38145
1378 38168
1379 38212
1380 38241
1381 38272
1382 38294
1383 38298
1384 38312
1385 38328
1386 38336
1387 38362
1388 38398
1389 38426
1390 38441
1391 38452
1392 38466
1393 38468
1394 38472
1395 38512
1396 38553
1397 38587
1398 38611
1399 38616
1400 38622
1401 38632
1402 38639
1403 38665
1404 38689
1405 38722
1406 38739
1407 38750
1408 38763
1409 38780
1410 38798
1411 38832
1412 38868
1413 38876
1414 38884
1415 38901
1416 38915
1417 38922
1418 38929
1419 38950
1420 38969
1421 38974
1422 38977
1423 38983
1424 39000
1425 39017
1426 39093
1427 39116
1428 39136
1429 39148
1430 39157
1431 39167
1432 39173
1433 39181
1434 39190
1435 39229
1436 39270
1437 39289
1438 39319
1439 39337
1440 39347
1441 39354
1442 39369
1443 39417
1444 39466
1445 39497
1446 39528
1447 39546
1448 39559
1449 39587
1450 39613
1451 39650
1452 39695
1453 39729
1454 39774
1455 39796
1456 39805
1457 39825
1458 39836
1459 39886
1460 39938
1461 39975
1462 40022
1463 40044
1464 40063
1465 40087
1466 40152
1467 40212
1468 40248
1469 40289
1470 40312
1471 40333
1472 40338
1473 40346
1474 40411
1475 40471
1476 40510
1477 40557
1478 40572
1479 40582
1480 40595
1481 40602
1482 40634
1483 40688
1484 40713
1485 40726
1486 40746
1487 40872
1488 40877
1489 40882
1490 40916
1491 40959
1492 40983
1493 41001
1494 41030
1495 41050
1496 41087
1497 41094
1498 41137
1499 41238
1500 41288
1501 41309
1502 41323
1503 41340
1504 41360
1505 41372
1506 41421
1507 41453
1508 41466
1509 41481
1510 41500
1511 41512
1512 41523
1513 41538
1514 41576
1515 41603
1516 41618
1517 41628
1518 41645
1519 41661
1520 41674
1521 41692
1522 41732
1523 41758
1524 41768
1525 41777
1526 41803
1527 41837
1528 41843
1529 41862
1530 41890
1531 41930
1532 41965
1533 41996
1534 42021
1535 42035
1536 42044
1537 42066
1538 42102
1539 42138
1540 42188
1541 42213
1542 42234
1543 42247
1544 42254
1545 42279
1546 42314
1547 42335
1548 42362
1549 42389
1550 42404
1551 42417
1552 42422
1553 42444
1554 42466
1555 42503
1556 42529
1557 42584
1558 42588
1559 42601
1560 42608
1561 42615
1562 42653
1563 42700
1564 42744
1565 42775
1566 42786
1567 42834
1568 42843
1569 42876
1570 42897
1571 42927
1572 42956
1573 42982
1574 42997
1575 43009
1576 43020
1577 43052
1578 43080
1579 43083
1580 43086
1581 43095
1582 43110
1583 43125
1584 43140
1585 43165
1586 43209
1587 43218
1588 43222
1589 43248
1590 43286
1591 43302
1592 43314
1593 43344
1594 43395
1595 43402
1596 43408
1597 43422
1598 43438
1599 43441
1600 43446
1601 43493
1602 43528
1603 43567
1604 43594
1605 43624
1606 43637
1607 43655
1608 43665
1609 43713
1610 43751
1611 43791
1612 43816
1613 43828
1614 43842
1615 43857
1616 43863
1617 43944
1618 44004
1619 44038
1620 44066
1621 44087
1622 44102
1623 44117
1624 44128
1625 44195
1626 44232
1627 44258
1628 44297
1629 44325
1630 44355
1631 44370
1632 44380
1633 44410
1634 44447
1635 44487
1636 44536
1637 44573
1638 44596
1639 44614
1640 44622
1641 44674
1642 44714
1643 44753
1644 44820
1645 44839
1646 44859
1647 44884
1648 44908
1649 44946
1650 44974
1651 44979
1652 44997
1653 45007
1654 45017
1655 45026
1656 45033
1657 45091
1658 45126
1659 45149
1660 45170
1661 45190
1662 45206
1663 45216
1664 45227
1665 45263
1666 45292
1667 45300
1668 45315
1669 45323
1670 45336
1671 45346
1672 45370
1673 45400
1674 45438
1675 45477
1676 45505
1677 45526
1678 45541
1679 45561
1680 45591
1681 45629
1682 45661
1683 45715
1684 45758
1685 45771
1686 45784
1687 45800
1688 45837
1689 45894
1690 45937
1691 45980
1692 45988
1693 45989
1694 46004
1695 46026
1696 46039
1697 46059
1698 46083
1699 46124
1700 46130
1701 46147
1702 46153
1703 46159
1704 46177
1705 46202
1706 46229
1707 46279
1708 46287
1709 46304
1710 46313
1711 46322
1712 46340
1713 46362
1714 46389
1715 46442
1716 46448
1717 46469
1718 46476
1719 46498
1720 46525
1721 46530
1722 46536
1723 46548
1724 46559
1725 46567
1726 46580
1727 46623
1728 46659
1729 46666
1730 46678
1731 46692
1732 46697
1733 46706
1734 46730
1735 46803
1736 46862
1737 46868
1738 46872
1739 46889
1740 46901
1741 46913
1742 46922
1743 46946
1744 46987
1745 47018
1746 47046
1747 47069
1748 47083
1749 47087
1750 47093
1751 47128
1752 47154
1753 47182
1754 47206
1755 47229
1756 47240
1757 47247
1758 47264
1759 47355
1760 47489
1761 47510
1762 47518
1763 47538
1764 47599
1765 47606
1766 47622
1767 47651
1768 47680
1769 47729
1770 47799
1771 47805
1772 47823
1773 47843
1774 47869
1775 47895
1776 47915
1777 47951
1778 48019
1779 48037
1780 48058
1781 48071
1782 48100
1783 48133
1784 48172
1785 48196
1786 48242
1787 48260
1788 48279
1789 48300
