fitVertices
foundClusters 23 ntrks  452
chi2Max 50
# i iv zt ezt2
0 9997 -4.0980701 0.00087110646
1 18 1.3181056 0.00080646831
2 3 -1.1399463 0.00012989009
3 18 1.2676343 0.00037310636
4 18 1.2659415 0.0012005927
5 14 4.6501136 6.0483453e-05
6 16 -3.9701779 3.0798539e-05
7 18 1.2853459 3.3023043e-05
8 14 4.6160746 0.00041373775
9 0 1.1543047 7.7770965e-05
10 18 1.2777973 0.00013472009
11 2 -1.7696351 4.7455851e-05
12 14 4.6207399 8.8731089e-05
13 0 1.1503248 8.0771068e-05
14 0 1.1454902 4.8114791e-05
15 20 4.7940125 8.5660795e-05
16 18 1.2785251 6.879837e-05
17 21 10.49307 0.0013815952
18 11 2.1933281 0.00010865052
19 14 4.6356301 0.00012371766
20 19 5.5556822 0.00016697728
21 16 -3.969826 3.1057247e-05
22 16 -3.9772234 0.0001651159
23 9997 2.420264 0.00037913604
24 18 1.2992857 3.4841891e-05
25 14 4.6258221 6.3984502e-05
26 9997 6.6158681 0.00012679634
27 17 0.89695323 0.00039159169
28 18 1.286595 5.4779084e-05
29 18 1.2817533 0.0001145967
30 0 1.1523614 8.6720596e-05
31 21 10.493832 5.4295349e-05
32 9997 2.4209201 0.00010901357
33 21 10.521221 0.00010392061
34 5 -1.6408836 0.001040299
35 5 -1.6593989 0.00052967807
36 14 4.6570206 0.00082949904
37 16 -3.9323654 9.9781726e-05
38 11 2.2093999 0.00011937661
39 1 7.1954813 0.00050322973
40 9 -4.049911 2.5115272e-05
41 15 0.62924743 4.824128e-05
42 19 5.5702801 0.00022248639
43 9 -4.0488443 9.8668701e-05
44 1 7.236722 0.00088195282
45 19 5.5697198 7.7736273e-05
46 11 2.1733644 0.00013173571
47 18 1.2825873 6.4349457e-05
48 19 5.5699363 1.2082369e-05
49 14 4.6313219 2.2352839e-05
50 11 2.188874 4.8630904e-05
51 11 2.2420077 5.8520498e-05
52 1 7.2223001 4.7099791e-05
53 16 -3.9576864 0.00021817363
54 19 5.5585938 6.2437044e-05
55 19 5.5500941 0.00019504652
56 9997 0.04550859 3.5381192e-05
57 18 1.2807357 2.051294e-05
58 1 7.3286285 0.00051453331
59 20 4.80478 0.00042149707
60 18 1.3008537 0.00050539389
61 18 1.279287 0.00017335317
62 0 1.1433184 0.0004761185
63 18 1.2635386 9.7356533e-05
64 19 5.5692291 5.2012176e-05
65 18 1.339224 0.00066447794
66 9 -4.0449147 3.9500701e-05
67 9997 -11.650018 7.8309298e-05
68 2 -1.7332209 0.0004410554
69 11 2.1946182 2.0545476e-05
70 2 -1.7726158 2.548661e-05
71 18 1.2847564 8.3214414e-05
72 5 -1.6602954 3.295975e-05
73 9 -4.0557842 0.00011436319
74 2 -1.7647173 2.1734617e-05
75 11 2.1972151 4.8554721e-05
76 14 4.6565957 6.0640326e-05
77 2 -1.7602627 2.2592103e-05
78 3 -1.1368169 6.8450594e-05
79 2 -1.7495011 0.00022740841
80 19 5.5755277 3.8259572e-05
81 19 5.5651169 8.130377e-06
82 19 5.5749679 1.4908038e-05
83 11 2.1905847 5.8835853e-05
84 11 2.197911 2.9107032e-05
85 16 -3.9710939 9.5286225e-05
86 19 5.5728726 0.00014388055
87 14 4.6605906 0.00016817059
88 21 10.506962 0.00010414368
89 9997 -4.1527743 0.001813684
90 4 4.7357588 1.8260123e-05
91 1 7.2077918 0.00065703481
92 19 5.5864735 0.00026387937
93 11 2.2065425 0.00025368985
94 10 5.5365367 0.00059999165
95 1 7.2438955 0.00018915776
96 9997 -9.891098 0.00017636536
97 16 -3.9758434 2.9823077e-05
98 13 -7.2587533 6.4250547e-05
99 11 2.1994064 0.0016270933
100 5 -1.6459486 0.00027252696
101 9997 -5.2509775 0.00061077107
102 18 1.2746459 1.6292552e-05
103 1 7.2121439 0.00046218734
104 18 1.2843218 1.5105492e-05
105 16 -3.9654884 6.5192879e-05
106 5 -1.6353439 3.748557e-05
107 5 -1.6288276 2.1522792e-05
108 2 -1.7606955 1.8915996e-05
109 18 1.2664602 0.00010719078
110 14 4.6363664 1.5193406e-05
111 14 4.6375027 2.278431e-05
112 11 2.2674029 8.0449929e-05
113 14 4.6258588 2.2959468e-05
114 9997 -4.662303 0.00089291029
115 18 1.2798311 1.2571253e-05
116 11 2.1988842 1.074135e-05
117 14 4.6459575 1.5443587e-05
118 11 2.1994193 7.2696566e-05
119 9997 3.4812129 8.5965316e-05
120 6 0.3435922 8.8460714e-05
121 6 0.33095288 4.3218788e-05
122 20 4.7851262 3.4392793e-05
123 1 7.2313461 0.00028922953
124 16 -3.9841442 2.5276537e-05
125 10 5.5140982 0.00029990467
126 21 10.494617 1.2080146e-05
127 21 10.494256 7.62733e-06
128 21 10.496955 5.144611e-05
129 11 2.2077703 0.00013008597
130 16 -3.9663141 3.0809191e-05
131 2 -1.7517132 5.5814238e-05
132 16 -3.9750147 9.6049902e-05
133 18 1.2866142 2.7052532e-05
134 22 1.1040225 0.00024551706
135 18 1.2789565 0.00017423531
136 5 -1.6312164 6.6384317e-05
137 16 -3.9819558 7.2090668e-05
138 7 -1.2914573 2.938571e-05
139 8 -1.2484152 2.6714009e-05
140 8 -1.2348597 3.1553998e-05
141 8 -1.2410569 0.00013333802
142 9 -4.0578403 6.5132859e-05
143 14 4.6323929 7.6639888e-05
144 14 4.6329985 3.3504562e-05
145 14 4.6430068 2.1303016e-05
146 18 1.2785441 0.00022138932
147 19 5.5702868 6.615711e-05
148 19 5.5694947 8.5030268e-05
149 9 -4.0121226 0.00028079492
150 1 7.2361774 0.00012547748
151 18 1.2851001 4.5605582e-05
152 18 1.291019 3.488666e-05
153 11 2.1893973 0.00011156781
154 18 1.2813783 0.00029205711
155 10 5.5212131 6.4442458e-05
156 18 1.2805477 0.00014704629
157 15 0.67897242 0.00056729431
158 11 2.2028804 6.2669889e-05
159 11 2.1993988 5.8437057e-05
160 11 2.2114997 6.7571855e-05
161 11 2.1923687 9.1713497e-05
162 0 1.1722893 0.001067401
163 16 -3.9797685 7.2177187e-05
164 11 2.1908541 9.3678042e-05
165 16 -3.9681132 3.9244824e-05
166 18 1.2937275 0.00016212821
167 14 4.6364899 0.00029599684
168 14 4.647212 0.00064989808
169 8 -1.2306274 3.5207991e-05
170 16 -3.9756455 6.6695262e-05
171 16 -3.9782732 1.7098031e-05
172 11 2.2560771 4.1841144e-05
173 20 4.7967067 9.2994465e-05
174 12 3.521904 6.5383996e-05
175 19 5.583107 4.0745952e-05
176 11 2.2570457 3.7951831e-05
177 18 1.2876226 5.1790554e-05
178 15 0.61837876 3.0686526e-05
179 18 1.2803954 5.8618138e-05
180 18 1.2787895 1.4403896e-05
181 18 1.2835627 1.7227138e-05
182 11 2.2219296 0.00036279962
183 9997 6.144496 7.6647862e-05
184 11 2.2063217 5.9700833e-05
185 19 5.5698409 2.5643614e-05
186 19 5.5962687 0.0023110041
187 5 -1.5173502 0.00039569373
188 15 0.62313944 2.9447403e-05
189 15 0.62533164 1.7423759e-05
190 15 0.62651396 1.0758435e-05
191 1 7.2628942 0.00059595221
192 19 5.5849495 0.00061155914
193 1 7.2368913 1.3496958e-05
194 19 5.566854 1.3551754e-05
195 5 -1.6320558 0.00015224401
196 14 4.6485229 7.004389e-05
197 5 -1.6604224 4.2319527e-05
198 11 2.1991358 4.2832467e-05
199 14 4.6403227 3.6553269e-05
200 14 4.6603546 0.00010415259
201 18 1.2842464 1.5666572e-05
202 15 0.64289731 4.3398337e-05
203 18 1.2848396 1.4737516e-05
204 3 -1.1183721 2.8230834e-05
205 19 5.5644379 0.00010562123
206 9 -4.06003 0.0020751113
207 16 -3.9459496 0.00095825171
208 19 5.5720348 1.9031637e-05
209 9997 0.040122014 0.00053192617
210 9997 -0.75681722 0.00073005067
211 9997 6.5944171 4.3853302e-05
212 2 -1.7830837 0.00039611917
213 2 -1.7701848 0.00059395866
214 5 -1.6464621 0.00050755445
215 13 -7.2816648 8.7867629e-05
216 14 4.6292129 0.00014045759
217 20 4.774929 0.00019402546
218 15 0.63772845 9.1837668e-05
219 15 0.61668295 8.2669569e-05
220 14 4.6462574 0.00038453293
221 16 -3.9734662 4.0025519e-05
222 16 -3.9672227 2.0221378e-05
223 0 1.1462784 0.00073491229
224 16 -3.9647696 1.539484e-05
225 0 1.166685 0.0002518156
226 19 5.571559 9.7839693e-05
227 12 3.5290937 9.8242665e-05
228 14 4.6469693 8.2126731e-05
229 20 4.7824817 3.0527644e-05
230 18 1.3324556 5.5491662e-05
231 18 1.2859527 5.5482567e-05
232 14 4.6297255 3.9196177e-05
233 1 7.2370472 0.00019727668
234 15 0.61106849 6.9472248e-05
235 11 2.1963334 2.4161121e-05
236 18 1.285139 5.9725055e-05
237 15 0.62410903 9.2998678e-05
238 14 4.6278143 5.1039504e-05
239 14 4.6271753 3.0700186e-05
240 11 2.1681459 0.00013313125
241 21 10.497902 7.8224519e-05
242 1 7.2324548 2.7136268e-05
243 9997 4.569593 0.00081193791
244 16 -3.9711096 6.8313049e-05
245 14 4.6397772 3.009484e-05
246 14 4.6303964 7.4469503e-06
247 14 4.6379886 9.4169145e-06
248 14 4.6239924 6.7971137e-05
249 9997 -4.6501603 0.00010633843
250 2 -1.7690252 0.00011192429
251 19 5.5857019 2.9383675e-05
252 11 2.1932693 4.8250298e-05
253 18 1.2900873 4.093823e-05
254 1 7.2431679 0.00012470764
255 18 1.28588 0.00010873337
256 9997 0.40358517 6.5750595e-05
257 14 4.638042 9.8497467e-06
258 18 1.2921264 1.927797e-05
259 18 1.2829558 6.0058068e-05
260 14 4.6237569 2.9072895e-05
261 0 1.2233896 0.00087724812
262 20 4.781714 7.1936971e-05
263 19 5.5758729 1.7699473e-05
264 13 -7.2600493 0.00038455206
265 2 -1.7813002 7.5547272e-05
266 11 2.1872346 0.0019383118
267 16 -3.8611555 0.00023456705
268 16 -3.9617388 4.3841846e-05
269 12 3.5280483 0.00015019116
270 18 1.2994523 3.7351481e-05
271 8 -1.2479186 4.6829082e-05
272 17 0.86662912 9.0162881e-05
273 2 -1.752035 4.1256837e-05
274 18 1.2750312 7.9334495e-05
275 5 -1.6398175 2.6292528e-05
276 16 -3.9678731 1.7395761e-05
277 16 -3.9685769 6.2885978e-05
278 16 -3.9606638 2.4558452e-05
279 19 5.5734768 3.5203098e-05
280 16 -3.9649832 0.00086516276
281 14 4.6278424 2.7307069e-05
282 18 1.2772987 6.3157124e-05
283 14 4.6336122 1.7659228e-05
284 14 4.6344633 1.9742633e-05
285 19 5.5737176 2.0564599e-05
286 14 4.655416 0.00010464915
287 2 -1.7359847 0.00013097504
288 18 1.2712896 1.0636963e-05
289 5 -1.6638284 8.5854896e-05
290 18 1.273774 4.9037368e-05
291 15 0.60194397 0.001077056
292 19 5.5532141 3.3001452e-05
293 18 1.2628825 0.0023767082
294 14 4.6980515 0.0024262844
295 17 0.87063718 0.00010555656
296 16 -3.9589074 5.3022446e-05
297 0 1.1548063 4.0526971e-05
298 17 0.88116658 2.0313355e-05
299 8 -1.2601455 3.5283629e-05
300 18 1.2767693 0.0002161474
301 14 4.6370473 0.0003263368
302 19 5.5528569 0.00024229058
303 11 2.1856008 6.7498346e-05
304 5 -1.6384305 3.9179507e-05
305 3 -1.1253982 6.4481959e-05
306 10 5.5148587 0.00072573248
307 18 1.2536337 0.00061211805
308 5 -1.4765266 0.0010555655
309 19 5.5682168 6.0129441e-05
310 20 4.7909098 5.9712558e-05
311 15 0.61066496 0.00014383589
312 19 5.5699854 3.8745409e-05
313 20 4.7766824 5.7890935e-05
314 1 7.2322106 0.00012594025
315 20 4.7867699 6.9835398e-05
316 18 1.2975175 7.7649143e-05
317 16 -3.8609176 0.00034149311
318 14 4.6347218 3.5076904e-05
319 17 0.88690513 4.7046036e-05
320 1 7.2569566 8.1140053e-05
321 1 7.2335696 1.4552303e-05
322 19 5.5700073 2.0074265e-05
323 5 -1.6508765 0.0003561379
324 18 1.2786417 6.8782545e-05
325 16 -3.9642887 1.5905453e-05
326 18 1.2873584 5.0376279e-05
327 6 0.35335979 4.9495411e-05
328 18 1.3068699 3.7574282e-05
329 18 1.2969109 0.00048716684
330 11 2.1617646 0.00044766846
331 19 5.5626683 3.136028e-05
332 14 4.6252761 4.5944707e-05
333 16 -3.9796238 0.00018067045
334 18 1.2752373 2.8187829e-05
335 18 1.3050545 4.1226263e-05
336 14 4.6427379 3.3707904e-05
337 17 0.88444066 4.059009e-05
338 15 0.61530644 2.0649499e-05
339 16 -3.96209 7.9230755e-05
340 11 2.2066855 0.00077778299
341 11 2.2124131 0.0013907158
342 21 10.492976 2.6758567e-05
343 18 1.2968302 0.00083607581
344 1 7.2360487 1.9873751e-05
345 5 -1.6340705 0.0010699615
346 18 1.2603362 0.00036174315
347 18 1.2919691 0.00059660815
348 22 1.1089791 6.5185297e-05
349 18 1.3067609 0.0020689184
350 14 4.6372032 0.0011235734
351 9997 -4.6405249 0.0041910284
352 9997 -4.6833496 0.0065759714
353 18 1.3033791 0.00093484146
354 18 1.3196905 0.00074723281
355 19 5.5983319 8.6318272e-05
356 1 7.215539 0.00084179902
357 18 1.2858588 0.0039886325
358 18 1.2456194 0.0013546796
359 3 -1.0263156 0.0055928305
360 14 4.6978331 0.00069819595
361 16 -3.8299797 0.0053001014
362 7 -1.2926239 0.0056073735
363 14 4.6367979 0.00029164611
364 8 -1.2422565 0.0070028966
365 11 2.2619674 0.0043294104
366 18 1.2822427 0.0017412066
367 22 1.098515 0.0017706854
368 13 -7.2899733 0.006793831
369 0 1.1622595 0.00080189796
370 11 2.2774351 0.00068207743
371 19 5.5805655 0.0018432109
372 9 -4.0384049 0.0051533817
373 9997 4.6025271 0.0033747894
374 9997 7.0522537 0.0034785112
375 2 -1.7137774 0.0010028773
376 11 2.2032201 0.0017801791
377 19 5.6191664 0.0028411944
378 5 -1.4631106 0.0064857579
379 18 1.2452568 0.00067238347
380 9997 1.5177845 0.0027445047
381 5 -1.5665374 0.006086472
382 18 1.2949907 0.00024410876
383 9 -4.0554762 0.010722212
384 9997 3.3820913 0.0019502478
385 9997 2.0960829 0.00064584787
386 5 -1.5558224 0.0045802789
387 18 1.2741115 0.0019056352
388 11 2.2476361 0.0010188791
389 1 7.2880735 0.00067205966
390 9997 -4.2794218 0.00055695948
391 19 5.5956068 0.010071425
392 5 -1.6265227 0.00068834278
393 9997 4.1058683 0.002397483
394 13 -7.2825608 0.00055404537
395 9997 4.5617371 0.0034633591
396 11 2.2235045 0.0044854297
397 9997 4.5264802 0.0023435461
398 4 4.737381 0.00010317318
399 9997 4.6089029 0.00059121294
400 14 4.6463947 0.00014830194
401 14 4.6452541 0.000173636
402 9997 4.5424414 0.00044707317
403 4 4.7197471 0.00076896214
404 0 1.2049966 0.0051444364
405 16 -3.9455943 0.0010262888
406 1 7.2001448 0.013135222
407 9997 -8.5692387 0.0019019946
408 9997 4.570683 0.0004697839
409 14 4.658823 0.0012074887
410 9997 0.99887496 0.0026661933
411 14 4.6792169 0.00013857891
412 9997 -4.1145763 0.0021960237
413 9 -4.009706 0.0025366198
414 1 7.2477713 0.00081154087
415 14 4.6473436 0.0040535606
416 5 -1.5871311 0.00058175903
417 1 7.2174263 0.0055341483
418 9997 3.2967234 0.0069711804
419 9997 7.7268786 0.01279741
420 20 4.8009062 0.00065642426
421 15 0.6722759 0.0048847874
422 9997 4.6102371 0.0014105119
423 2 -1.7476263 0.0029973572
424 1 7.1609187 0.0055757193
425 18 1.3087652 0.003255462
426 9 -4.0365214 0.00076421455
427 13 -7.234983 0.0017463684
428 9997 -4.0793266 0.0022450399
429 9997 -8.9941692 0.0019725009
430 9997 -4.0873256 0.0015957672
431 3 -1.0537169 0.0046892711
432 9997 0.13362181 0.0040310933
433 16 -3.9626825 0.001496385
434 9997 4.5602446 0.0012310748
435 9997 4.5471978 0.0067048529
436 9997 4.5895805 0.00017827042
437 16 -3.8750892 0.0020530561
438 13 -7.3101153 0.0018992345
439 14 4.6735988 0.00037596485
440 19 5.5588541 0.0044809254
441 14 4.6291208 0.00011204067
442 0 1.2041337 0.0033455337
443 3 -1.1001449 0.00042339435
444 9997 4.5432529 0.0013417687
445 16 -3.9891865 0.0025422378
446 9997 -0.69786692 0.0052146758
447 0 1.1657736 0.0043798545
448 9997 -5.1375284 0.0027960395
449 11 2.1693592 0.0068791891
450 8 -1.200495 0.0026087137
451 9997 3.8213627 0.0076126773
# i zv wv chi2 nn
0 1.1532967 124184.12 9.8094921 13
1 7.2356749 178615.02 40.696926 23
2 -1.7625016 158782.58 27.170317 15
3 -1.1245731 47552.148 9.5884981 6
4 4.7356811 366830.59 0.35851449 2
5 -1.6398566 44857.812 113.92817 21
6 0.3418518 20022.842 5.4584093 2
7 -1.2914634 1.4168787e+08 0.0002414355 1
8 -1.2439876 64064.145 16.96344 7
9 -4.048687 135337.62 7.7877779 10
10 5.5208964 107058.41 0.61359179 3
11 2.2049069 145853.03 146.95343 37
12 3.525455 172561.09 0.37240517 2
13 -7.2687283 34832.383 5.6148605 6
14 4.6360831 658722.5 99.505814 51
15 0.62424648 191893.59 26.780289 14
16 -3.9679542 196867.61 138.38249 36
17 0.88101411 118428.45 4.9920158 5
18 1.2841611 605395.5 148.05299 68
19 5.5704288 671462.06 50.98069 36
20 4.7856846 244249.2 6.3685532 10
21 10.495667 310411.12 8.2947321 8
22 1.1076728 312623.69 0.12781292 2
