clusterTracksByDensity
minT 2 eps 0.07 errmax 0.01 chi2max 9
MAXTRACKS 32768
MAXVTX 1024
Workspace in 452
0 1 -4.09807 0.000871106 0.702972 0 0
1 4 1.31811 0.000806468 0.462082 0 0
2 7 -1.13995 0.00012989 1.69696 0 0
3 13 1.26763 0.000373106 1.38868 0 0
4 15 1.26594 0.00120059 0.793628 0 0
5 19 4.65011 6.04835e-05 1.80356 0 0
6 21 -3.97018 3.07985e-05 2.53506 0 0
7 25 1.28535 3.3023e-05 0.885931 0 0
8 27 4.61607 0.000413738 0.281205 0 0
9 30 1.1543 7.7771e-05 0.757503 0 0
10 31 1.2778 0.00013472 0.46183 0 0
11 33 -1.76964 4.74559e-05 0.560121 0 0
12 43 4.62074 8.87311e-05 0.344991 0 0
13 49 1.15032 8.07711e-05 0.316745 0 0
14 50 1.14549 4.81148e-05 0.651046 0 0
15 58 4.79401 8.56608e-05 0.439757 0 0
16 61 1.27853 6.87984e-05 0.588178 0 0
17 65 10.4931 0.0013816 0.313982 0 0
18 68 2.19333 0.000108651 0.28474 0 0
19 69 4.63563 0.000123718 0.454943 0 0
20 70 5.55568 0.000166977 0.521841 0 0
21 74 -3.96983 3.10572e-05 3.14751 0 0
22 82 -3.97722 0.000165116 0.387884 0 0
23 85 2.42026 0.000379136 1.13908 0 0
24 87 1.29929 3.48419e-05 27.7735 0 0
25 88 4.62582 6.39845e-05 2.47603 0 0
26 90 6.61587 0.000126796 0.347519 0 0
27 93 0.896953 0.000391592 0.778063 0 0
28 95 1.28659 5.47791e-05 5.85925 0 0
29 97 1.28175 0.000114597 2.89383 0 0
30 101 1.15236 8.67206e-05 3.19642 0 0
31 104 10.4938 5.42953e-05 0.501415 0 0
32 106 2.42092 0.000109014 1.22242 0 0
33 109 10.5212 0.000103921 0.3128 0 0
34 110 -1.64088 0.0010403 0.390737 0 0
35 111 -1.6594 0.000529678 0.72985 0 0
36 113 4.65702 0.000829499 0.471314 0 0
37 120 -3.93237 9.97817e-05 0.654042 0 0
38 131 2.2094 0.000119377 0.600445 0 0
39 132 7.19548 0.00050323 0.991365 0 0
40 136 -4.04991 2.51153e-05 0.814745 0 0
41 138 0.629247 4.82413e-05 2.09798 0 0
42 144 5.57028 0.000222486 3.99367 0 0
43 145 -4.04884 9.86687e-05 0.272285 0 0
44 153 7.23672 0.000881953 1.53513 0 0
45 154 5.56972 7.77363e-05 2.78126 0 0
46 160 2.17336 0.000131736 0.472539 0 0
47 162 1.28259 6.43495e-05 1.26753 0 0
48 165 5.56994 1.20824e-05 3.30625 0 0
49 168 4.63132 2.23528e-05 0.682823 0 0
50 169 2.18887 4.86309e-05 0.734988 0 0
51 170 2.24201 5.85205e-05 0.442687 0 0
52 171 7.2223 4.70998e-05 1.07889 0 0
53 178 -3.95769 0.000218174 1.19867 0 0
54 180 5.55859 6.2437e-05 0.49686 0 0
55 188 5.55009 0.000195047 0.363873 0 0
56 189 0.0455086 3.53812e-05 0.542477 0 0
57 192 1.28074 2.05129e-05 6.27551 0 0
58 194 7.32863 0.000514533 0.828847 0 0
59 196 4.80478 0.000421497 0.791913 0 0
60 200 1.30085 0.000505394 0.834492 0 0
61 202 1.27929 0.000173353 1.99545 0 0
62 204 1.14332 0.000476118 0.644992 0 0
63 205 1.26354 9.73565e-05 2.03821 0 0
64 208 5.56923 5.20122e-05 0.368191 0 0
65 211 1.33922 0.000664478 0.545136 0 0
66 212 -4.04491 3.95007e-05 2.59981 0 0
67 217 -11.65 7.83093e-05 0.511513 0 0
68 220 -1.73322 0.000441055 0.55865 0 0
69 226 2.19462 2.05455e-05 2.82598 0 0
70 237 -1.77262 2.54866e-05 0.993837 0 0
71 239 1.28476 8.32144e-05 0.322359 0 0
72 240 -1.6603 3.29597e-05 2.83565 0 0
73 243 -4.05578 0.000114363 0.38506 0 0
74 244 -1.76472 2.17346e-05 6.03561 0 0
75 249 2.19722 4.85547e-05 1.88132 0 0
76 252 4.6566 6.06403e-05 6.33419 0 0
77 258 -1.76026 2.25921e-05 1.72124 0 0
78 277 -1.13682 6.84506e-05 1.36097 0 0
79 279 -1.7495 0.000227408 1.50977 0 0
80 282 5.57553 3.82596e-05 0.652242 0 0
81 286 5.56512 8.13038e-06 13.3326 0 0
82 289 5.57497 1.4908e-05 4.14219 0 0
83 292 2.19058 5.88359e-05 0.305783 0 0
84 296 2.19791 2.9107e-05 0.805653 0 0
85 302 -3.97109 9.52862e-05 0.720984 0 0
86 304 5.57287 0.000143881 1.93962 0 0
87 306 4.66059 0.000168171 1.57886 0 0
88 308 10.507 0.000104144 0.370431 0 0
89 312 -4.15277 0.00181368 0.673059 0 0
90 317 4.73576 1.82601e-05 9.87654 0 0
91 321 7.20779 0.000657035 0.327332 0 0
92 324 5.58647 0.000263879 1.29586 0 0
93 327 2.20654 0.00025369 3.11124 0 0
94 330 5.53654 0.000599992 0.588537 0 0
95 331 7.2439 0.000189158 1.00873 0 0
96 333 -9.8911 0.000176365 0.733441 0 0
97 335 -3.97584 2.98231e-05 1.97775 0 0
98 337 -7.25875 6.42505e-05 0.54247 0 0
99 339 2.19941 0.00162709 0.37695 0 0
100 340 -1.64595 0.000272527 1.01199 0 0
101 342 -5.25098 0.000610771 0.278832 0 0
102 346 1.27465 1.62926e-05 3.21014 0 0
103 351 7.21214 0.000462187 0.920833 0 0
104 352 1.28432 1.51055e-05 5.14678 0 0
105 357 -3.96549 6.51929e-05 0.648165 0 0
106 361 -1.63534 3.74856e-05 0.686558 0 0
107 365 -1.62883 2.15228e-05 2.20674 0 0
108 372 -1.7607 1.8916e-05 3.27256 0 0
109 376 1.26646 0.000107191 1.56813 0 0
110 384 4.63637 1.51934e-05 2.68137 0 0
111 387 4.6375 2.27843e-05 1.23298 0 0
112 396 2.2674 8.04499e-05 0.520276 0 0
113 397 4.62586 2.29595e-05 0.617148 0 0
114 402 -4.6623 0.00089291 0.548284 0 0
115 405 1.27983 1.25713e-05 13.6281 0 0
116 407 2.19888 1.07413e-05 10.3318 0 0
117 410 4.64596 1.54436e-05 1.0603 0 0
118 415 2.19942 7.26966e-05 0.449478 0 0
119 416 3.48121 8.59653e-05 0.303791 0 0
120 419 0.343592 8.84607e-05 0.320377 0 0
121 421 0.330953 4.32188e-05 0.751827 0 0
122 423 4.78513 3.43928e-05 0.963352 0 0
123 425 7.23135 0.00028923 0.349672 0 0
124 432 -3.98414 2.52765e-05 7.21303 0 0
125 438 5.5141 0.000299905 0.537983 0 0
126 440 10.4946 1.20801e-05 4.38918 0 0
127 442 10.4943 7.62733e-06 16.4199 0 0
128 444 10.497 5.14461e-05 0.991104 0 0
129 451 2.20777 0.000130086 1.03487 0 0
130 455 -3.96631 3.08092e-05 2.10075 0 0
131 470 -1.75171 5.58142e-05 0.348858 0 0
132 474 -3.97501 9.60499e-05 0.390985 0 0
133 479 1.28661 2.70525e-05 4.02474 0 0
134 482 1.10402 0.000245517 0.345454 0 0
135 483 1.27896 0.000174235 0.461354 0 0
136 487 -1.63122 6.63843e-05 0.315831 0 0
137 488 -3.98196 7.20907e-05 0.564517 0 0
138 489 -1.29146 2.93857e-05 1.76654 0 0
139 491 -1.24842 2.6714e-05 2.42141 0 0
140 496 -1.23486 3.1554e-05 2.39949 0 0
141 498 -1.24106 0.000133338 0.456527 0 0
142 500 -4.05784 6.51329e-05 0.439673 0 0
143 504 4.63239 7.66399e-05 2.40032 0 0
144 507 4.633 3.35046e-05 0.865497 0 0
145 508 4.64301 2.1303e-05 1.66207 0 0
146 510 1.27854 0.000221389 0.416473 0 0
147 513 5.57029 6.61571e-05 0.651794 0 0
148 515 5.56949 8.50303e-05 0.380713 0 0
149 522 -4.01212 0.000280795 1.07623 0 0
150 532 7.23618 0.000125477 0.984918 0 0
151 539 1.2851 4.56056e-05 0.390203 0 0
152 540 1.29102 3.48867e-05 0.582153 0 0
153 545 2.1894 0.000111568 4.43528 0 0
154 549 1.28138 0.000292057 1.78675 0 0
155 555 5.52121 6.44425e-05 1.946 0 0
156 558 1.28055 0.000147046 3.14096 0 0
157 562 0.678972 0.000567294 0.86476 0 0
158 566 2.20288 6.26699e-05 3.67951 0 0
159 568 2.1994 5.84371e-05 3.26221 0 0
160 569 2.2115 6.75719e-05 2.56 0 0
161 570 2.19237 9.17135e-05 1.4757 0 0
162 579 1.17229 0.0010674 0.59664 0 0
163 585 -3.97977 7.21772e-05 4.33581 0 0
164 588 2.19085 9.3678e-05 0.31653 0 0
165 600 -3.96811 3.92448e-05 1.00246 0 0
166 605 1.29373 0.000162128 0.316604 0 0
167 608 4.63649 0.000295997 1.01592 0 0
168 615 4.64721 0.000649898 0.729416 0 0
169 620 -1.23063 3.5208e-05 2.09349 0 0
170 627 -3.97565 6.66953e-05 0.588582 0 0
171 630 -3.97827 1.7098e-05 3.01022 0 0
172 637 2.25608 4.18411e-05 2.20041 0 0
173 639 4.79671 9.29945e-05 0.307506 0 0
174 642 3.5219 6.5384e-05 0.447731 0 0
175 643 5.58311 4.0746e-05 1.77752 0 0
176 651 2.25705 3.79518e-05 0.932358 0 0
177 652 1.28762 5.17906e-05 1.08494 0 0
178 677 0.618379 3.06865e-05 1.27396 0 0
179 685 1.2804 5.86181e-05 0.824472 0 0
180 689 1.27879 1.44039e-05 2.30821 0 0
181 699 1.28356 1.72271e-05 1.74885 0 0
182 706 2.22193 0.0003628 0.947485 0 0
183 710 6.1445 7.66479e-05 0.554069 0 0
184 714 2.20632 5.97008e-05 2.53951 0 0
185 716 5.56984 2.56436e-05 1.34714 0 0
186 725 5.59627 0.002311 0.58215 0 0
187 730 -1.51735 0.000395694 0.577958 0 0
188 737 0.623139 2.94474e-05 3.62203 0 0
189 740 0.625332 1.74238e-05 2.29891 0 0
190 744 0.626514 1.07584e-05 8.01854 0 0
191 749 7.26289 0.000595952 0.769083 0 0
192 753 5.58495 0.000611559 0.48477 0 0
193 774 7.23689 1.3497e-05 3.46529 0 0
194 781 5.56685 1.35518e-05 3.14496 0 0
195 793 -1.63206 0.000152244 0.765489 0 0
196 796 4.64852 7.00439e-05 0.256099 0 0
197 811 -1.66042 4.23195e-05 2.51228 0 0
198 815 2.19914 4.28325e-05 0.396883 0 0
199 816 4.64032 3.65533e-05 0.769044 0 0
200 832 4.66035 0.000104153 0.377321 0 0
201 835 1.28425 1.56666e-05 2.18891 0 0
202 838 0.642897 4.33983e-05 0.407346 0 0
203 849 1.28484 1.47375e-05 2.58673 0 0
204 852 -1.11837 2.82308e-05 1.18622 0 0
205 861 5.56444 0.000105621 1.06582 0 0
206 862 -4.06003 0.00207511 0.664385 0 0
207 864 -3.94595 0.000958252 1.25769 0 0
208 868 5.57203 1.90316e-05 3.36691 0 0
209 871 0.040122 0.000531926 0.563614 0 0
210 874 -0.756817 0.000730051 0.53491 0 0
211 877 6.59442 4.38533e-05 1.97772 0 0
212 885 -1.78308 0.000396119 0.364978 0 0
213 890 -1.77018 0.000593959 0.381617 0 0
214 892 -1.64646 0.000507554 0.761175 0 0
215 894 -7.28166 8.78676e-05 0.428864 0 0
216 897 4.62921 0.000140458 0.9335 0 0
217 898 4.77493 0.000194025 0.603104 0 0
218 901 0.637728 9.18377e-05 0.341618 0 0
219 914 0.616683 8.26696e-05 0.304357 0 0
220 921 4.64626 0.000384533 0.487597 0 0
221 927 -3.97347 4.00255e-05 1.98056 0 0
222 958 -3.96722 2.02214e-05 0.87578 0 0
223 961 1.14628 0.000734912 0.261189 0 0
224 969 -3.96477 1.53948e-05 3.40497 0 0
225 971 1.16668 0.000251816 1.15711 0 0
226 974 5.57156 9.78397e-05 0.266444 0 0
227 978 3.52909 9.82427e-05 0.37886 0 0
228 980 4.64697 8.21267e-05 0.322017 0 0
229 983 4.78248 3.05276e-05 2.66848 0 0
230 989 1.33246 5.54917e-05 0.54955 0 0
231 993 1.28595 5.54826e-05 0.431045 0 0
232 994 4.62973 3.91962e-05 0.603485 0 0
233 998 7.23705 0.000197277 0.377853 0 0
234 1000 0.611068 6.94722e-05 0.35593 0 0
235 1003 2.19633 2.41611e-05 4.20741 0 0
236 1005 1.28514 5.97251e-05 0.729831 0 0
237 1006 0.624109 9.29987e-05 0.316431 0 0
238 1009 4.62781 5.10395e-05 1.65473 0 0
239 1013 4.62718 3.07002e-05 3.45346 0 0
240 1018 2.16815 0.000133131 5.01613 0 0
241 1021 10.4979 7.82245e-05 0.397148 0 0
242 1028 7.23245 2.71363e-05 4.74402 0 0
243 1036 4.56959 0.000811938 1.1324 0 0
244 1038 -3.97111 6.8313e-05 1.2575 0 0
245 1044 4.63978 3.00948e-05 4.03942 0 0
246 1048 4.6304 7.44695e-06 110.011 0 0
247 1051 4.63799 9.41691e-06 68.9543 0 0
248 1056 4.62399 6.79711e-05 2.44003 0 0
249 1059 -4.65016 0.000106338 0.326521 0 0
250 1063 -1.76903 0.000111924 0.275365 0 0
251 1077 5.5857 2.93837e-05 0.866876 0 0
252 1078 2.19327 4.82503e-05 0.845217 0 0
253 1082 1.29009 4.09382e-05 1.45466 0 0
254 1088 7.24317 0.000124708 0.942103 0 0
255 1091 1.28588 0.000108733 0.296006 0 0
256 1092 0.403585 6.57506e-05 0.320886 0 0
257 1096 4.63804 9.84975e-06 17.6413 0 0
258 1098 1.29213 1.9278e-05 10.2199 0 0
259 1101 1.28296 6.00581e-05 0.315512 0 0
260 1104 4.62376 2.90729e-05 3.11991 0 0
261 1116 1.22339 0.000877248 0.679151 0 0
262 1120 4.78171 7.1937e-05 0.556742 0 0
263 1121 5.57587 1.76995e-05 4.57413 0 0
264 1124 -7.26005 0.000384552 0.777913 0 0
265 1129 -1.7813 7.55473e-05 1.63159 0 0
266 1133 2.18723 0.00193831 0.486057 0 0
267 1141 -3.86116 0.000234567 0.847797 0 0
268 1143 -3.96174 4.38418e-05 5.30192 0 0
269 1147 3.52805 0.000150191 0.374752 0 0
270 1155 1.29945 3.73515e-05 0.828652 0 0
271 1158 -1.24792 4.68291e-05 1.21231 0 0
272 1160 0.866629 9.01629e-05 0.2865 0 0
273 1165 -1.75204 4.12568e-05 1.51996 0 0
274 1170 1.27503 7.93345e-05 0.503874 0 0
275 1183 -1.63982 2.62925e-05 1.15963 0 0
276 1201 -3.96787 1.73958e-05 1.99118 0 0
277 1203 -3.96858 6.2886e-05 0.816878 0 0
278 1207 -3.96066 2.45585e-05 1.5644 0 0
279 1219 5.57348 3.52031e-05 2.41634 0 0
280 1230 -3.96498 0.000865163 0.375412 0 0
281 1234 4.62784 2.73071e-05 0.762611 0 0
282 1238 1.2773 6.31571e-05 0.307709 0 0
283 1245 4.63361 1.76592e-05 3.09829 0 0
284 1254 4.63446 1.97426e-05 2.53616 0 0
285 1256 5.57372 2.05646e-05 4.37684 0 0
286 1261 4.65542 0.000104649 0.305037 0 0
287 1265 -1.73598 0.000130975 0.455001 0 0
288 1276 1.27129 1.0637e-05 4.64999 0 0
289 1279 -1.66383 8.58549e-05 0.27546 0 0
290 1287 1.27377 4.90374e-05 9.38756 0 0
291 1288 0.601944 0.00107706 0.356948 0 0
292 1290 5.55321 3.30015e-05 2.05946 0 0
293 1299 1.26288 0.00237671 0.299048 0 0
294 1301 4.69805 0.00242628 0.567024 0 0
295 1305 0.870637 0.000105557 0.285245 0 0
296 1309 -3.95891 5.30224e-05 1.11574 0 0
297 1315 1.15481 4.0527e-05 0.709522 0 0
298 1317 0.881167 2.03134e-05 2.88021 0 0
299 1324 -1.26015 3.52836e-05 0.563396 0 0
300 1331 1.27677 0.000216147 0.310604 0 0
301 1333 4.63705 0.000326337 0.874844 0 0
302 1342 5.55286 0.000242291 1.7723 0 0
303 1351 2.1856 6.74983e-05 3.24774 0 0
304 1352 -1.63843 3.91795e-05 1.42885 0 0
305 1355 -1.1254 6.4482e-05 0.926926 0 0
306 1362 5.51486 0.000725732 1.04814 0 0
307 1364 1.25363 0.000612118 0.362184 0 0
308 1367 -1.47653 0.00105557 0.277816 0 0
309 1368 5.56822 6.01294e-05 0.899641 0 0
310 1370 4.79091 5.97126e-05 0.982024 0 0
311 1378 0.610665 0.000143836 0.47144 0 0
312 1379 5.56999 3.87454e-05 2.73586 0 0
313 1381 4.77668 5.78909e-05 0.904471 0 0
314 1387 7.23221 0.00012594 0.606728 0 0
315 1392 4.78677 6.98354e-05 0.35383 0 0
316 1394 1.29752 7.76491e-05 0.501819 0 0
317 1400 -3.86092 0.000341493 0.260851 0 0
318 1406 4.63472 3.50769e-05 2.11353 0 0
319 1409 0.886905 4.7046e-05 0.370589 0 0
320 1411 7.25696 8.11401e-05 0.410133 0 0
321 1412 7.23357 1.45523e-05 3.32162 0 0
322 1414 5.57001 2.00743e-05 2.37999 0 0
323 1423 -1.65088 0.000356138 0.831724 0 0
324 1427 1.27864 6.87825e-05 0.35145 0 0
325 1432 -3.96429 1.59055e-05 4.91327 0 0
326 1441 1.28736 5.03763e-05 0.96316 0 0
327 1446 0.35336 4.94954e-05 1.41572 0 0
328 1459 1.30687 3.75743e-05 5.83863 0 0
329 1460 1.29691 0.000487167 0.454031 0 0
330 1466 2.16176 0.000447668 1.01649 0 0
331 1472 5.56267 3.13603e-05 0.573022 0 0
332 1485 4.62528 4.59447e-05 0.547137 0 0
333 1487 -3.97962 0.00018067 1.12387 0 0
334 1491 1.27524 2.81878e-05 3.92683 0 0
335 1493 1.30505 4.12263e-05 0.459352 0 0
336 1495 4.64274 3.37079e-05 2.67821 0 0
337 1497 0.884441 4.05901e-05 1.58852 0 0
338 1501 0.615306 2.06495e-05 7.09655 0 0
339 1504 -3.96209 7.92308e-05 0.915961 0 0
340 1505 2.20669 0.000777783 0.622917 0 0
341 1508 2.21241 0.00139072 0.331508 0 0
342 1511 10.493 2.67586e-05 0.924442 0 0
343 1513 1.29683 0.000836076 0.620591 0 0
344 1514 7.23605 1.98738e-05 2.80983 0 0
345 1518 -1.63407 0.00106996 0.382299 0 0
346 1520 1.26034 0.000361743 0.402705 0 0
347 1523 1.29197 0.000596608 1.86848 0 0
348 1528 1.10898 6.51853e-05 14.966 0 0
349 1538 1.30676 0.00206892 0.749076 0 0
350 1543 4.6372 0.00112357 0.606469 0 0
351 1549 -4.64052 0.00419103 0.528505 0 0
352 1555 -4.68335 0.00657597 0.297727 0 0
353 1560 1.30338 0.000934841 1.86582 0 0
354 1568 1.31969 0.000747233 1.84039 0 0
355 1571 5.59833 8.63183e-05 8.30558 0 0
356 1580 7.21554 0.000841799 1.0958 0 0
357 1583 1.28586 0.00398863 0.425746 0 0
358 1593 1.24562 0.00135468 0.779223 0 0
359 1598 -1.02632 0.00559283 0.253815 0 0
360 1605 4.69783 0.000698196 1.37885 0 0
361 1607 -3.82998 0.0053001 0.47592 0 0
362 1610 -1.29262 0.00560737 0.315191 0 0
363 1614 4.6368 0.000291646 2.77301 0 0
364 1628 -1.24226 0.0070029 0.337842 0 0
365 1629 2.26197 0.00432941 0.375538 0 0
366 1631 1.28224 0.00174121 1.00905 0 0
367 1636 1.09852 0.00177069 0.551711 0 0
368 1643 -7.28997 0.00679383 0.382191 0 0
369 1646 1.16226 0.000801898 2.58656 0 0
370 1658 2.27744 0.000682077 2.05536 0 0
371 1660 5.58057 0.00184321 0.409327 0 0
372 1663 -4.0384 0.00515338 0.476485 0 0
373 1664 4.60253 0.00337479 0.502969 0 0
374 1671 7.05225 0.00347851 0.275259 0 0
375 1677 -1.71378 0.00100288 1.5415 0 0
376 1679 2.20322 0.00178018 0.973114 0 0
377 1680 5.61917 0.00284119 0.38259 0 0
378 1682 -1.46311 0.00648576 0.368119 0 0
379 1683 1.24526 0.000672383 2.72275 0 0
380 1686 1.51778 0.0027445 0.597139 0 0
381 1689 -1.56654 0.00608647 0.348607 0 0
382 1693 1.29499 0.000244109 11.4462 0 0
383 1695 -4.05548 0.0107222 0.282085 0 0
384 1704 3.38209 0.00195025 0.570229 0 0
385 1706 2.09608 0.000645848 1.74177 0 0
386 1709 -1.55582 0.00458028 0.452058 0 0
387 1722 1.27411 0.00190564 0.701908 0 0
388 1723 2.24764 0.00101888 1.11003 0 0
389 1725 7.28807 0.00067206 1.43494 0 0
390 1732 -4.27942 0.000556959 1.79946 0 0
391 1739 5.59561 0.0100714 0.274747 0 0
392 1742 -1.62652 0.000688343 1.62396 0 0
393 1746 4.10587 0.00239748 1.16885 0 0
394 1750 -7.28256 0.000554045 1.15799 0 0
395 1752 4.56174 0.00346336 0.67675 0 0
396 1760 2.2235 0.00448543 0.437717 0 0
397 1766 4.52648 0.00234355 0.449793 0 0
398 1777 4.73738 0.000103173 300.37 0 0
399 1783 4.6089 0.000591213 8.28384 0 0
400 1784 4.64639 0.000148302 31.2169 0 0
401 1787 4.64525 0.000173636 27.13 0 0
402 1789 4.54244 0.000447073 8.38816 0 0
403 1798 4.71975 0.000768962 4.16894 0 0
404 1799 1.205 0.00514444 0.461007 0 0
405 1801 -3.94559 0.00102629 1.13123 0 0
406 1802 7.20014 0.0131352 0.297261 0 0
407 1804 -8.56924 0.00190199 0.308351 0 0
408 1808 4.57068 0.000469784 36.814 0 0
409 1813 4.65882 0.00120749 4.84726 0 0
410 1818 0.998875 0.00266619 0.423712 0 0
411 1822 4.67922 0.000138579 22.0996 0 0
412 1827 -4.11458 0.00219602 0.661314 0 0
413 1830 -4.00971 0.00253662 0.540534 0 0
414 1832 7.24777 0.000811541 2.57359 0 0
415 1839 4.64734 0.00405356 0.486087 0 0
416 1845 -1.58713 0.000581759 3.19582 0 0
417 1846 7.21743 0.00553415 0.593308 0 0
418 1848 3.29672 0.00697118 0.352781 0 0
419 1850 7.72688 0.0127974 0.277424 0 0
420 1851 4.80091 0.000656424 3.50943 0 0
421 1853 0.672276 0.00488479 0.309344 0 0
422 1857 4.61024 0.00141051 1.76653 0 0
423 1861 -1.74763 0.00299736 0.433931 0 0
424 1864 7.16092 0.00557572 0.423732 0 0
425 1869 1.30877 0.00325546 0.447956 0 0
426 1881 -4.03652 0.000764215 2.08572 0 0
427 1884 -7.23498 0.00174637 0.390048 0 0
428 1886 -4.07933 0.00224504 0.524361 0 0
429 1891 -8.99417 0.0019725 0.366624 0 0
430 1893 -4.08733 0.00159577 0.732751 0 0
431 1895 -1.05372 0.00468927 0.412098 0 0
432 1902 0.133622 0.00403109 0.298443 0 0
433 1905 -3.96268 0.00149638 0.517466 0 0
434 1910 4.56024 0.00123107 3.05508 0 0
435 1911 4.5472 0.00670485 0.453169 0 0
436 1912 4.58958 0.00017827 43.2285 0 0
437 1915 -3.87509 0.00205306 0.601302 0 0
438 1919 -7.31012 0.00189923 0.380042 0 0
439 1921 4.6736 0.000375965 11.4505 0 0
440 1927 5.55885 0.00448093 0.590253 0 0
441 1934 4.62912 0.000112041 27.7979 0 0
442 1938 1.20413 0.00334553 0.633559 0 0
443 1959 -1.10014 0.000423394 2.58119 0 0
444 1963 4.54325 0.00134177 2.45573 0 0
445 1974 -3.98919 0.00254224 0.563806 0 0
446 1981 -0.697867 0.00521468 0.288551 0 0
447 1987 1.16577 0.00437985 0.436277 0 0
448 1990 -5.13753 0.00279604 0.331834 0 0
449 1997 2.16936 0.00687919 0.250763 0 0
450 2002 -1.2005 0.00260871 0.471776 0 0
451 2496 3.82136 0.00761268 0.334708 0 0
ZVertices 23
0 0
1 0
2 0
3 0
4 0
5 55
6 35
7 68
8 0
9 15
10 0
11 15
12 56
13 14
14 14
15 10
16 68
17 0
18 0
19 0
20 0
21 35
22 0
23 0
24 63
25 56
26 0
27 0
28 68
29 0
30 14
31 8
32 0
33 0
34 0
35 0
36 0
37 19
38 0
39 0
40 15
41 14
42 0
43 15
44 0
45 39
46 0
47 68
48 38
49 57
50 33
51 17
52 21
53 0
54 38
55 0
56 1
57 66
58 0
59 0
60 0
61 0
62 0
63 65
64 39
65 0
66 15
67 0
68 0
69 34
70 15
71 68
72 15
73 0
74 15
75 34
76 49
77 15
78 5
79 0
80 38
81 37
82 37
83 33
84 34
85 36
86 0
87 0
88 0
89 0
90 6
91 0
92 0
93 0
94 0
95 0
96 0
97 35
98 6
99 0
100 0
101 0
102 65
103 0
104 67
105 34
106 17
107 14
108 15
109 0
110 55
111 54
112 12
113 53
114 0
115 66
116 34
117 51
118 34
119 0
120 2
121 2
122 11
123 0
124 32
125 0
126 8
127 8
128 8
129 0
130 34
131 15
132 35
133 68
134 0
135 0
136 17
137 35
138 2
139 8
140 7
141 0
142 15
143 56
144 56
145 54
146 0
147 39
148 39
149 0
150 0
151 68
152 68
153 0
154 0
155 10
156 0
157 0
158 34
159 34
160 35
161 34
162 0
163 35
164 33
165 34
166 0
167 0
168 0
169 7
170 35
171 35
172 14
173 10
174 2
175 37
176 14
177 68
178 14
179 68
180 66
181 67
182 0
183 0
184 34
185 38
186 0
187 0
188 14
189 14
190 14
191 0
192 0
193 21
194 38
195 0
196 54
197 15
198 34
199 54
200 0
201 67
202 13
203 67
204 5
205 0
206 0
207 0
208 38
209 0
210 0
211 1
212 0
213 0
214 0
215 6
216 0
217 0
218 14
219 14
220 0
221 35
222 34
223 0
224 32
225 0
226 39
227 2
228 54
229 11
230 20
231 68
232 58
233 0
234 14
235 34
236 68
237 14
238 56
239 55
240 0
241 8
242 21
243 0
244 36
245 53
246 55
247 54
248 56
249 0
250 0
251 35
252 34
253 68
254 0
255 0
256 0
257 54
258 67
259 68
260 53
261 0
262 11
263 37
264 0
265 14
266 0
267 0
268 34
269 0
270 64
271 8
272 5
273 15
274 68
275 16
276 34
277 36
278 33
279 38
280 0
281 56
282 68
283 55
284 55
285 38
286 0
287 0
288 65
289 15
290 68
291 0
292 34
293 0
294 0
295 0
296 34
297 14
298 5
299 6
300 0
301 0
302 0
303 33
304 16
305 4
306 0
307 0
308 0
309 39
310 10
311 0
312 38
313 11
314 0
315 11
316 67
317 0
318 55
319 5
320 20
321 21
322 38
323 0
324 68
325 33
326 68
327 2
328 55
329 0
330 0
331 38
332 55
333 0
334 65
335 59
336 54
337 5
338 13
339 34
340 0
341 0
342 8
343 0
344 21
345 0
346 0
347 0
348 7
349 0
350 0
351 0
352 0
353 0
354 0
355 32
356 0
357 0
358 0
359 0
360 0
361 0
362 0
363 0
364 0
365 0
366 0
367 0
368 0
369 0
370 0
371 0
372 0
373 0
374 0
375 0
376 0
377 0
378 0
379 0
380 0
381 0
382 0
383 0
384 0
385 0
386 0
387 0
388 0
389 0
390 0
391 0
392 0
393 0
394 0
395 0
396 0
397 0
398 0
399 0
400 0
401 0
402 0
403 0
404 0
405 0
406 0
407 0
408 0
409 0
410 0
411 0
412 0
413 0
414 0
415 0
416 0
417 0
418 0
419 0
420 0
421 0
422 0
423 0
424 0
425 0
426 0
427 0
428 0
429 0
430 0
431 0
432 0
433 0
434 0
435 0
436 0
437 0
438 0
439 0
440 0
441 0
442 0
443 0
444 0
445 0
446 0
447 0
448 0
449 0
450 0
451 0
Workspace out 452
0 1 -4.09807 0.000871106 0.702972 88 9997
1 4 1.31811 0.000806468 0.462082 141 18
2 7 -1.13995 0.00012989 1.69696 117 3
3 13 1.26763 0.000373106 1.38868 140 18
4 15 1.26594 0.00120059 0.793628 140 18
5 19 4.65011 6.04835e-05 1.80356 174 14
6 21 -3.97018 3.07985e-05 2.53506 89 16
7 25 1.28535 3.3023e-05 0.885931 140 18
8 27 4.61607 0.000413738 0.281205 174 14
9 30 1.1543 7.7771e-05 0.757503 139 0
10 31 1.2778 0.00013472 0.46183 140 18
11 33 -1.76964 4.74559e-05 0.560121 111 2
12 43 4.62074 8.87311e-05 0.344991 174 14
13 49 1.15032 8.07711e-05 0.316745 139 0
14 50 1.14549 4.81148e-05 0.651046 139 0
15 58 4.79401 8.56608e-05 0.439757 175 20
16 61 1.27853 6.87984e-05 0.588178 140 18
17 65 10.4931 0.0013816 0.313982 232 21
18 68 2.19333 0.000108651 0.28474 149 11
19 69 4.63563 0.000123718 0.454943 174 14
20 70 5.55568 0.000166977 0.521841 183 19
21 74 -3.96983 3.10572e-05 3.14751 89 16
22 82 -3.97722 0.000165116 0.387884 89 16
23 85 2.42026 0.000379136 1.13908 152 9997
24 87 1.29929 3.48419e-05 27.7735 140 18
25 88 4.62582 6.39845e-05 2.47603 174 14
26 90 6.61587 0.000126796 0.347519 194 9997
27 93 0.896953 0.000391592 0.778063 136 17
28 95 1.28659 5.47791e-05 5.85925 140 18
29 97 1.28175 0.000114597 2.89383 140 18
30 101 1.15236 8.67206e-05 3.19642 139 0
31 104 10.4938 5.42953e-05 0.501415 232 21
32 106 2.42092 0.000109014 1.22242 152 9997
33 109 10.5212 0.000103921 0.3128 233 21
34 110 -1.64088 0.0010403 0.390737 112 5
35 111 -1.6594 0.000529678 0.72985 112 5
36 113 4.65702 0.000829499 0.471314 174 14
37 120 -3.93237 9.97817e-05 0.654042 89 16
38 131 2.2094 0.000119377 0.600445 150 11
39 132 7.19548 0.00050323 0.991365 199 1
40 136 -4.04991 2.51153e-05 0.814745 88 9
41 138 0.629247 4.82413e-05 2.09798 134 15
42 144 5.57028 0.000222486 3.99367 183 19
43 145 -4.04884 9.86687e-05 0.272285 88 9
44 153 7.23672 0.000881953 1.53513 200 1
45 154 5.56972 7.77363e-05 2.78126 183 19
46 160 2.17336 0.000131736 0.472539 149 11
47 162 1.28259 6.43495e-05 1.26753 140 18
48 165 5.56994 1.20824e-05 3.30625 183 19
49 168 4.63132 2.23528e-05 0.682823 174 14
50 169 2.18887 4.86309e-05 0.734988 149 11
51 170 2.24201 5.85205e-05 0.442687 150 11
52 171 7.2223 4.70998e-05 1.07889 200 1
53 178 -3.95769 0.000218174 1.19867 89 16
54 180 5.55859 6.2437e-05 0.49686 183 19
55 188 5.55009 0.000195047 0.363873 183 19
56 189 0.0455086 3.53812e-05 0.542477 128 9997
57 192 1.28074 2.05129e-05 6.27551 140 18
58 194 7.32863 0.000514533 0.828847 201 1
59 196 4.80478 0.000421497 0.791913 176 20
60 200 1.30085 0.000505394 0.834492 141 18
61 202 1.27929 0.000173353 1.99545 140 18
62 204 1.14332 0.000476118 0.644992 139 0
63 205 1.26354 9.73565e-05 2.03821 140 18
64 208 5.56923 5.20122e-05 0.368191 183 19
65 211 1.33922 0.000664478 0.545136 141 18
66 212 -4.04491 3.95007e-05 2.59981 88 9
67 217 -11.65 7.83093e-05 0.511513 12 9997
68 220 -1.73322 0.000441055 0.55865 111 2
69 226 2.19462 2.05455e-05 2.82598 149 11
70 237 -1.77262 2.54866e-05 0.993837 111 2
71 239 1.28476 8.32144e-05 0.322359 140 18
72 240 -1.6603 3.29597e-05 2.83565 112 5
73 243 -4.05578 0.000114363 0.38506 88 9
74 244 -1.76472 2.17346e-05 6.03561 111 2
75 249 2.19722 4.85547e-05 1.88132 149 11
76 252 4.6566 6.06403e-05 6.33419 174 14
77 258 -1.76026 2.25921e-05 1.72124 111 2
78 277 -1.13682 6.84506e-05 1.36097 117 3
79 279 -1.7495 0.000227408 1.50977 111 2
80 282 5.57553 3.82596e-05 0.652242 183 19
81 286 5.56512 8.13038e-06 13.3326 183 19
82 289 5.57497 1.4908e-05 4.14219 183 19
83 292 2.19058 5.88359e-05 0.305783 149 11
84 296 2.19791 2.9107e-05 0.805653 149 11
85 302 -3.97109 9.52862e-05 0.720984 89 16
86 304 5.57287 0.000143881 1.93962 183 19
87 306 4.66059 0.000168171 1.57886 174 14
88 308 10.507 0.000104144 0.370431 233 21
89 312 -4.15277 0.00181368 0.673059 87 9997
90 317 4.73576 1.82601e-05 9.87654 175 4
91 321 7.20779 0.000657035 0.327332 200 1
92 324 5.58647 0.000263879 1.29586 183 19
93 327 2.20654 0.00025369 3.11124 150 11
94 330 5.53654 0.000599992 0.588537 183 10
95 331 7.2439 0.000189158 1.00873 200 1
96 333 -9.8911 0.000176365 0.733441 30 9997
97 335 -3.97584 2.98231e-05 1.97775 89 16
98 337 -7.25875 6.42505e-05 0.54247 56 13
99 339 2.19941 0.00162709 0.37695 149 11
100 340 -1.64595 0.000272527 1.01199 112 5
101 342 -5.25098 0.000610771 0.278832 76 9997
102 346 1.27465 1.62926e-05 3.21014 140 18
103 351 7.21214 0.000462187 0.920833 200 1
104 352 1.28432 1.51055e-05 5.14678 140 18
105 357 -3.96549 6.51929e-05 0.648165 89 16
106 361 -1.63534 3.74856e-05 0.686558 112 5
107 365 -1.62883 2.15228e-05 2.20674 112 5
108 372 -1.7607 1.8916e-05 3.27256 111 2
109 376 1.26646 0.000107191 1.56813 140 18
110 384 4.63637 1.51934e-05 2.68137 174 14
111 387 4.6375 2.27843e-05 1.23298 174 14
112 396 2.2674 8.04499e-05 0.520276 150 11
113 397 4.62586 2.29595e-05 0.617148 174 14
114 402 -4.6623 0.00089291 0.548284 82 9997
115 405 1.27983 1.25713e-05 13.6281 140 18
116 407 2.19888 1.07413e-05 10.3318 149 11
117 410 4.64596 1.54436e-05 1.0603 174 14
118 415 2.19942 7.26966e-05 0.449478 149 11
119 416 3.48121 8.59653e-05 0.303791 162 9997
120 419 0.343592 8.84607e-05 0.320377 131 6
121 421 0.330953 4.32188e-05 0.751827 131 6
122 423 4.78513 3.43928e-05 0.963352 175 20
123 425 7.23135 0.00028923 0.349672 200 1
124 432 -3.98414 2.52765e-05 7.21303 89 16
125 438 5.5141 0.000299905 0.537983 183 10
126 440 10.4946 1.20801e-05 4.38918 232 21
127 442 10.4943 7.62733e-06 16.4199 232 21
128 444 10.497 5.14461e-05 0.991104 232 21
129 451 2.20777 0.000130086 1.03487 150 11
130 455 -3.96631 3.08092e-05 2.10075 89 16
131 470 -1.75171 5.58142e-05 0.348858 111 2
132 474 -3.97501 9.60499e-05 0.390985 89 16
133 479 1.28661 2.70525e-05 4.02474 140 18
134 482 1.10402 0.000245517 0.345454 139 22
135 483 1.27896 0.000174235 0.461354 140 18
136 487 -1.63122 6.63843e-05 0.315831 112 5
137 488 -3.98196 7.20907e-05 0.564517 89 16
138 489 -1.29146 2.93857e-05 1.76654 116 7
139 491 -1.24842 2.6714e-05 2.42141 116 8
140 496 -1.23486 3.1554e-05 2.39949 116 8
141 498 -1.24106 0.000133338 0.456527 116 8
142 500 -4.05784 6.51329e-05 0.439673 88 9
143 504 4.63239 7.66399e-05 2.40032 174 14
144 507 4.633 3.35046e-05 0.865497 174 14
145 508 4.64301 2.1303e-05 1.66207 174 14
146 510 1.27854 0.000221389 0.416473 140 18
147 513 5.57029 6.61571e-05 0.651794 183 19
148 515 5.56949 8.50303e-05 0.380713 183 19
149 522 -4.01212 0.000280795 1.07623 88 9
150 532 7.23618 0.000125477 0.984918 200 1
151 539 1.2851 4.56056e-05 0.390203 140 18
152 540 1.29102 3.48867e-05 0.582153 140 18
153 545 2.1894 0.000111568 4.43528 149 11
154 549 1.28138 0.000292057 1.78675 140 18
155 555 5.52121 6.44425e-05 1.946 183 10
156 558 1.28055 0.000147046 3.14096 140 18
157 562 0.678972 0.000567294 0.86476 134 15
158 566 2.20288 6.26699e-05 3.67951 150 11
159 568 2.1994 5.84371e-05 3.26221 149 11
160 569 2.2115 6.75719e-05 2.56 150 11
161 570 2.19237 9.17135e-05 1.4757 149 11
162 579 1.17229 0.0010674 0.59664 139 0
163 585 -3.97977 7.21772e-05 4.33581 89 16
164 588 2.19085 9.3678e-05 0.31653 149 11
165 600 -3.96811 3.92448e-05 1.00246 89 16
166 605 1.29373 0.000162128 0.316604 140 18
167 608 4.63649 0.000295997 1.01592 174 14
168 615 4.64721 0.000649898 0.729416 174 14
169 620 -1.23063 3.5208e-05 2.09349 116 8
170 627 -3.97565 6.66953e-05 0.588582 89 16
171 630 -3.97827 1.7098e-05 3.01022 89 16
172 637 2.25608 4.18411e-05 2.20041 150 11
173 639 4.79671 9.29945e-05 0.307506 175 20
174 642 3.5219 6.5384e-05 0.447731 163 12
175 643 5.58311 4.0746e-05 1.77752 183 19
176 651 2.25705 3.79518e-05 0.932358 150 11
177 652 1.28762 5.17906e-05 1.08494 140 18
178 677 0.618379 3.06865e-05 1.27396 134 15
179 685 1.2804 5.86181e-05 0.824472 140 18
180 689 1.27879 1.44039e-05 2.30821 140 18
181 699 1.28356 1.72271e-05 1.74885 140 18
182 706 2.22193 0.0003628 0.947485 150 11
183 710 6.1445 7.66479e-05 0.554069 189 9997
184 714 2.20632 5.97008e-05 2.53951 150 11
185 716 5.56984 2.56436e-05 1.34714 183 19
186 725 5.59627 0.002311 0.58215 183 19
187 730 -1.51735 0.000395694 0.577958 113 5
188 737 0.623139 2.94474e-05 3.62203 134 15
189 740 0.625332 1.74238e-05 2.29891 134 15
190 744 0.626514 1.07584e-05 8.01854 134 15
191 749 7.26289 0.000595952 0.769083 200 1
192 753 5.58495 0.000611559 0.48477 183 19
193 774 7.23689 1.3497e-05 3.46529 200 1
194 781 5.56685 1.35518e-05 3.14496 183 19
195 793 -1.63206 0.000152244 0.765489 112 5
196 796 4.64852 7.00439e-05 0.256099 174 14
197 811 -1.66042 4.23195e-05 2.51228 112 5
198 815 2.19914 4.28325e-05 0.396883 149 11
199 816 4.64032 3.65533e-05 0.769044 174 14
200 832 4.66035 0.000104153 0.377321 174 14
201 835 1.28425 1.56666e-05 2.18891 140 18
202 838 0.642897 4.33983e-05 0.407346 134 15
203 849 1.28484 1.47375e-05 2.58673 140 18
204 852 -1.11837 2.82308e-05 1.18622 117 3
205 861 5.56444 0.000105621 1.06582 183 19
206 862 -4.06003 0.00207511 0.664385 88 9
207 864 -3.94595 0.000958252 1.25769 89 16
208 868 5.57203 1.90316e-05 3.36691 183 19
209 871 0.040122 0.000531926 0.563614 128 9997
210 874 -0.756817 0.000730051 0.53491 121 9997
211 877 6.59442 4.38533e-05 1.97772 193 9997
212 885 -1.78308 0.000396119 0.364978 111 2
213 890 -1.77018 0.000593959 0.381617 111 2
214 892 -1.64646 0.000507554 0.761175 112 5
215 894 -7.28166 8.78676e-05 0.428864 56 13
216 897 4.62921 0.000140458 0.9335 174 14
217 898 4.77493 0.000194025 0.603104 175 20
218 901 0.637728 9.18377e-05 0.341618 134 15
219 914 0.616683 8.26696e-05 0.304357 134 15
220 921 4.64626 0.000384533 0.487597 174 14
221 927 -3.97347 4.00255e-05 1.98056 89 16
222 958 -3.96722 2.02214e-05 0.87578 89 16
223 961 1.14628 0.000734912 0.261189 139 0
224 969 -3.96477 1.53948e-05 3.40497 89 16
225 971 1.16668 0.000251816 1.15711 139 0
226 974 5.57156 9.78397e-05 0.266444 183 19
227 978 3.52909 9.82427e-05 0.37886 163 12
228 980 4.64697 8.21267e-05 0.322017 174 14
229 983 4.78248 3.05276e-05 2.66848 175 20
230 989 1.33246 5.54917e-05 0.54955 141 18
231 993 1.28595 5.54826e-05 0.431045 140 18
232 994 4.62973 3.91962e-05 0.603485 174 14
233 998 7.23705 0.000197277 0.377853 200 1
234 1000 0.611068 6.94722e-05 0.35593 134 15
235 1003 2.19633 2.41611e-05 4.20741 149 11
236 1005 1.28514 5.97251e-05 0.729831 140 18
237 1006 0.624109 9.29987e-05 0.316431 134 15
238 1009 4.62781 5.10395e-05 1.65473 174 14
239 1013 4.62718 3.07002e-05 3.45346 174 14
240 1018 2.16815 0.000133131 5.01613 149 11
241 1021 10.4979 7.82245e-05 0.397148 232 21
242 1028 7.23245 2.71363e-05 4.74402 200 1
243 1036 4.56959 0.000811938 1.1324 173 9997
244 1038 -3.97111 6.8313e-05 1.2575 89 16
245 1044 4.63978 3.00948e-05 4.03942 174 14
246 1048 4.6304 7.44695e-06 110.011 174 14
247 1051 4.63799 9.41691e-06 68.9543 174 14
248 1056 4.62399 6.79711e-05 2.44003 174 14
249 1059 -4.65016 0.000106338 0.326521 82 9997
250 1063 -1.76903 0.000111924 0.275365 111 2
251 1077 5.5857 2.93837e-05 0.866876 183 19
252 1078 2.19327 4.82503e-05 0.845217 149 11
253 1082 1.29009 4.09382e-05 1.45466 140 18
254 1088 7.24317 0.000124708 0.942103 200 1
255 1091 1.28588 0.000108733 0.296006 140 18
256 1092 0.403585 6.57506e-05 0.320886 132 9997
257 1096 4.63804 9.84975e-06 17.6413 174 14
258 1098 1.29213 1.9278e-05 10.2199 140 18
259 1101 1.28296 6.00581e-05 0.315512 140 18
260 1104 4.62376 2.90729e-05 3.11991 174 14
261 1116 1.22339 0.000877248 0.679151 140 0
262 1120 4.78171 7.1937e-05 0.556742 175 20
263 1121 5.57587 1.76995e-05 4.57413 183 19
264 1124 -7.26005 0.000384552 0.777913 56 13
265 1129 -1.7813 7.55473e-05 1.63159 111 2
266 1133 2.18723 0.00193831 0.486057 149 11
267 1141 -3.86116 0.000234567 0.847797 90 16
268 1143 -3.96174 4.38418e-05 5.30192 89 16
269 1147 3.52805 0.000150191 0.374752 163 12
270 1155 1.29945 3.73515e-05 0.828652 140 18
271 1158 -1.24792 4.68291e-05 1.21231 116 8
272 1160 0.866629 9.01629e-05 0.2865 136 17
273 1165 -1.75204 4.12568e-05 1.51996 111 2
274 1170 1.27503 7.93345e-05 0.503874 140 18
275 1183 -1.63982 2.62925e-05 1.15963 112 5
276 1201 -3.96787 1.73958e-05 1.99118 89 16
277 1203 -3.96858 6.2886e-05 0.816878 89 16
278 1207 -3.96066 2.45585e-05 1.5644 89 16
279 1219 5.57348 3.52031e-05 2.41634 183 19
280 1230 -3.96498 0.000865163 0.375412 89 16
281 1234 4.62784 2.73071e-05 0.762611 174 14
282 1238 1.2773 6.31571e-05 0.307709 140 18
283 1245 4.63361 1.76592e-05 3.09829 174 14
284 1254 4.63446 1.97426e-05 2.53616 174 14
285 1256 5.57372 2.05646e-05 4.37684 183 19
286 1261 4.65542 0.000104649 0.305037 174 14
287 1265 -1.73598 0.000130975 0.455001 111 2
288 1276 1.27129 1.0637e-05 4.64999 140 18
289 1279 -1.66383 8.58549e-05 0.27546 112 5
290 1287 1.27377 4.90374e-05 9.38756 140 18
291 1288 0.601944 0.00107706 0.356948 134 15
292 1290 5.55321 3.30015e-05 2.05946 183 19
293 1299 1.26288 0.00237671 0.299048 140 18
294 1301 4.69805 0.00242628 0.567024 174 14
295 1305 0.870637 0.000105557 0.285245 136 17
296 1309 -3.95891 5.30224e-05 1.11574 89 16
297 1315 1.15481 4.0527e-05 0.709522 139 0
298 1317 0.881167 2.03134e-05 2.88021 136 17
299 1324 -1.26015 3.52836e-05 0.563396 116 8
300 1331 1.27677 0.000216147 0.310604 140 18
301 1333 4.63705 0.000326337 0.874844 174 14
302 1342 5.55286 0.000242291 1.7723 183 19
303 1351 2.1856 6.74983e-05 3.24774 149 11
304 1352 -1.63843 3.91795e-05 1.42885 112 5
305 1355 -1.1254 6.4482e-05 0.926926 117 3
306 1362 5.51486 0.000725732 1.04814 183 10
307 1364 1.25363 0.000612118 0.362184 140 18
308 1367 -1.47653 0.00105557 0.277816 114 5
309 1368 5.56822 6.01294e-05 0.899641 183 19
310 1370 4.79091 5.97126e-05 0.982024 175 20
311 1378 0.610665 0.000143836 0.47144 134 15
312 1379 5.56999 3.87454e-05 2.73586 183 19
313 1381 4.77668 5.78909e-05 0.904471 175 20
314 1387 7.23221 0.00012594 0.606728 200 1
315 1392 4.78677 6.98354e-05 0.35383 175 20
316 1394 1.29752 7.76491e-05 0.501819 140 18
317 1400 -3.86092 0.000341493 0.260851 90 16
318 1406 4.63472 3.50769e-05 2.11353 174 14
319 1409 0.886905 4.7046e-05 0.370589 136 17
320 1411 7.25696 8.11401e-05 0.410133 200 1
321 1412 7.23357 1.45523e-05 3.32162 200 1
322 1414 5.57001 2.00743e-05 2.37999 183 19
323 1423 -1.65088 0.000356138 0.831724 112 5
324 1427 1.27864 6.87825e-05 0.35145 140 18
325 1432 -3.96429 1.59055e-05 4.91327 89 16
326 1441 1.28736 5.03763e-05 0.96316 140 18
327 1446 0.35336 4.94954e-05 1.41572 131 6
328 1459 1.30687 3.75743e-05 5.83863 141 18
329 1460 1.29691 0.000487167 0.454031 140 18
330 1466 2.16176 0.000447668 1.01649 149 11
331 1472 5.56267 3.13603e-05 0.573022 183 19
332 1485 4.62528 4.59447e-05 0.547137 174 14
333 1487 -3.97962 0.00018067 1.12387 89 16
334 1491 1.27524 2.81878e-05 3.92683 140 18
335 1493 1.30505 4.12263e-05 0.459352 141 18
336 1495 4.64274 3.37079e-05 2.67821 174 14
337 1497 0.884441 4.05901e-05 1.58852 136 17
338 1501 0.615306 2.06495e-05 7.09655 134 15
339 1504 -3.96209 7.92308e-05 0.915961 89 16
340 1505 2.20669 0.000777783 0.622917 150 11
341 1508 2.21241 0.00139072 0.331508 150 11
342 1511 10.493 2.67586e-05 0.924442 232 21
343 1513 1.29683 0.000836076 0.620591 140 18
344 1514 7.23605 1.98738e-05 2.80983 200 1
345 1518 -1.63407 0.00106996 0.382299 112 5
346 1520 1.26034 0.000361743 0.402705 140 18
347 1523 1.29197 0.000596608 1.86848 140 18
348 1528 1.10898 6.51853e-05 14.966 139 22
349 1538 1.30676 0.00206892 0.749076 141 18
350 1543 4.6372 0.00112357 0.606469 174 14
351 1549 -4.64052 0.00419103 0.528505 82 9997
352 1555 -4.68335 0.00657597 0.297727 82 9997
353 1560 1.30338 0.000934841 1.86582 141 18
354 1568 1.31969 0.000747233 1.84039 141 18
355 1571 5.59833 8.63183e-05 8.30558 183 19
356 1580 7.21554 0.000841799 1.0958 200 1
357 1583 1.28586 0.00398863 0.425746 140 18
358 1593 1.24562 0.00135468 0.779223 140 18
359 1598 -1.02632 0.00559283 0.253815 118 3
360 1605 4.69783 0.000698196 1.37885 174 14
361 1607 -3.82998 0.0053001 0.47592 90 16
362 1610 -1.29262 0.00560737 0.315191 116 7
363 1614 4.6368 0.000291646 2.77301 174 14
364 1628 -1.24226 0.0070029 0.337842 116 8
365 1629 2.26197 0.00432941 0.375538 150 11
366 1631 1.28224 0.00174121 1.00905 140 18
367 1636 1.09852 0.00177069 0.551711 138 22
368 1643 -7.28997 0.00679383 0.382191 56 13
369 1646 1.16226 0.000801898 2.58656 139 0
370 1658 2.27744 0.000682077 2.05536 150 11
371 1660 5.58057 0.00184321 0.409327 183 19
372 1663 -4.0384 0.00515338 0.476485 88 9
373 1664 4.60253 0.00337479 0.502969 174 9997
374 1671 7.05225 0.00347851 0.275259 198 9997
375 1677 -1.71378 0.00100288 1.5415 111 2
376 1679 2.20322 0.00178018 0.973114 150 11
377 1680 5.61917 0.00284119 0.38259 184 19
378 1682 -1.46311 0.00648576 0.368119 114 5
379 1683 1.24526 0.000672383 2.72275 140 18
380 1686 1.51778 0.0027445 0.597139 143 9997
381 1689 -1.56654 0.00608647 0.348607 113 5
382 1693 1.29499 0.000244109 11.4462 140 18
383 1695 -4.05548 0.0107222 0.282085 88 9
384 1704 3.38209 0.00195025 0.570229 161 9997
385 1706 2.09608 0.000645848 1.74177 148 9997
386 1709 -1.55582 0.00458028 0.452058 113 5
387 1722 1.27411 0.00190564 0.701908 140 18
388 1723 2.24764 0.00101888 1.11003 150 11
389 1725 7.28807 0.00067206 1.43494 200 1
390 1732 -4.27942 0.000556959 1.79946 86 9997
391 1739 5.59561 0.0100714 0.274747 183 19
392 1742 -1.62652 0.000688343 1.62396 112 5
393 1746 4.10587 0.00239748 1.16885 169 9997
394 1750 -7.28256 0.000554045 1.15799 56 13
395 1752 4.56174 0.00346336 0.67675 173 9997
396 1760 2.2235 0.00448543 0.437717 150 11
397 1766 4.52648 0.00234355 0.449793 173 9997
398 1777 4.73738 0.000103173 300.37 175 4
399 1783 4.6089 0.000591213 8.28384 174 9997
400 1784 4.64639 0.000148302 31.2169 174 14
401 1787 4.64525 0.000173636 27.13 174 14
402 1789 4.54244 0.000447073 8.38816 173 9997
403 1798 4.71975 0.000768962 4.16894 175 4
404 1799 1.205 0.00514444 0.461007 140 0
405 1801 -3.94559 0.00102629 1.13123 89 16
406 1802 7.20014 0.0131352 0.297261 200 1
407 1804 -8.56924 0.00190199 0.308351 43 9997
408 1808 4.57068 0.000469784 36.814 173 9997
409 1813 4.65882 0.00120749 4.84726 174 14
410 1818 0.998875 0.00266619 0.423712 137 9997
411 1822 4.67922 0.000138579 22.0996 174 14
412 1827 -4.11458 0.00219602 0.661314 87 9997
413 1830 -4.00971 0.00253662 0.540534 88 9
414 1832 7.24777 0.000811541 2.57359 200 1
415 1839 4.64734 0.00405356 0.486087 174 14
416 1845 -1.58713 0.000581759 3.19582 113 5
417 1846 7.21743 0.00553415 0.593308 200 1
418 1848 3.29672 0.00697118 0.352781 160 9997
419 1850 7.72688 0.0127974 0.277424 205 9997
420 1851 4.80091 0.000656424 3.50943 176 20
421 1853 0.672276 0.00488479 0.309344 134 15
422 1857 4.61024 0.00141051 1.76653 174 9997
423 1861 -1.74763 0.00299736 0.433931 111 2
424 1864 7.16092 0.00557572 0.423732 199 1
425 1869 1.30877 0.00325546 0.447956 141 18
426 1881 -4.03652 0.000764215 2.08572 88 9
427 1884 -7.23498 0.00174637 0.390048 56 13
428 1886 -4.07933 0.00224504 0.524361 88 9997
429 1891 -8.99417 0.0019725 0.366624 39 9997
430 1893 -4.08733 0.00159577 0.732751 88 9997
431 1895 -1.05372 0.00468927 0.412098 118 3
432 1902 0.133622 0.00403109 0.298443 129 9997
433 1905 -3.96268 0.00149638 0.517466 89 16
434 1910 4.56024 0.00123107 3.05508 173 9997
435 1911 4.5472 0.00670485 0.453169 173 9997
436 1912 4.58958 0.00017827 43.2285 173 9997
437 1915 -3.87509 0.00205306 0.601302 90 16
438 1919 -7.31012 0.00189923 0.380042 55 13
439 1921 4.6736 0.000375965 11.4505 174 14
440 1927 5.55885 0.00448093 0.590253 183 19
441 1934 4.62912 0.000112041 27.7979 174 14
442 1938 1.20413 0.00334553 0.633559 140 0
443 1959 -1.10014 0.000423394 2.58119 117 3
444 1963 4.54325 0.00134177 2.45573 173 9997
445 1974 -3.98919 0.00254224 0.563806 89 16
446 1981 -0.697867 0.00521468 0.288551 122 9997
447 1987 1.16577 0.00437985 0.436277 139 0
448 1990 -5.13753 0.00279604 0.331834 77 9997
449 1997 2.16936 0.00687919 0.250763 149 11
450 2002 -1.2005 0.00260871 0.471776 116 8
451 2496 3.82136 0.00761268 0.334708 166 9997
